5 0.474219 0.368359 0.020313 0.027344
5 0.485156 0.391016 0.029687 0.028906
9 0.282813 0.427734 0.084375 0.089844
5 0.353906 0.442578 0.045312 0.047656
8 0.626563 0.462500 0.056250 0.093750
10 0.584375 0.479687 0.053125 0.112500
5 0.324219 0.484766 0.045312 0.053906
5 0.378125 0.504297 0.056250 0.058594
10 0.237500 0.546484 0.134375 0.183594
5 0.373437 0.548438 0.081250 0.075000
10 0.072656 0.592187 0.145313 0.150000
5 0.350000 0.606641 0.081250 0.091406
5 0.327344 0.662109 0.085938 0.127344
9 0.116406 0.753125 0.232813 0.418750
5 0.283594 0.762109 0.120313 0.177344
5 0.264062 0.907813 0.159375 0.184375
