2 0.358594 0.315625 0.039062 0.056250
8 0.316406 0.324609 0.029687 0.046094
7 0.381250 0.341797 0.028125 0.046094
5 0.370312 0.381250 0.037500 0.043750
2 0.645312 0.381641 0.078125 0.122656
8 0.553125 0.387500 0.046875 0.087500
5 0.571094 0.424609 0.032813 0.052344
2 0.160938 0.446484 0.118750 0.158594
5 0.595313 0.447266 0.043750 0.066406
8 0.707812 0.461328 0.090625 0.135156
5 0.502344 0.462500 0.039062 0.062500
5 0.517188 0.495312 0.059375 0.081250
5 0.326562 0.499609 0.062500 0.083594
8 0.622656 0.509766 0.067187 0.135156
5 0.530469 0.534766 0.064062 0.085156
8 0.667969 0.549609 0.107813 0.202344
5 0.558594 0.576953 0.070312 0.103906
8 0.853906 0.577734 0.129688 0.202344
8 0.535937 0.623047 0.081250 0.158594
8 0.764844 0.650391 0.098437 0.160156
2 0.863281 0.733984 0.229687 0.389844
5 0.573438 0.742188 0.100000 0.175000
5 0.613281 0.862500 0.135937 0.206250
8 0.164062 0.900391 0.162500 0.197656
5 0.642969 0.950391 0.151562 0.097656
