10 0.296094 0.423438 0.060937 0.087500
5 0.391406 0.442188 0.026562 0.037500
5 0.350781 0.450391 0.032813 0.041406
5 0.250781 0.456641 0.035937 0.041406
5 0.517969 0.467578 0.032813 0.047656
5 0.396875 0.475000 0.037500 0.043750
5 0.203906 0.484375 0.048438 0.050000
10 0.317188 0.487500 0.071875 0.100000
5 0.373437 0.528125 0.050000 0.062500
5 0.188281 0.544922 0.057813 0.077344
5 0.545312 0.562109 0.056250 0.083594
5 0.250000 0.585547 0.071875 0.096094
8 0.100781 0.621484 0.126562 0.152344
5 0.319531 0.626563 0.085938 0.093750
5 0.800781 0.647266 0.092188 0.103906
5 0.814063 0.837891 0.153125 0.172656
5 0.085938 0.879297 0.146875 0.171094
5 0.660937 0.903516 0.137500 0.191406
