10 0.307031 0.320312 0.045312 0.043750
9 0.353906 0.321875 0.042188 0.062500
9 0.269531 0.339062 0.057813 0.056250
5 0.389062 0.343750 0.031250 0.043750
11 0.529687 0.347266 0.046875 0.072656
5 0.474219 0.348047 0.032813 0.046094
11 0.585938 0.369922 0.050000 0.077344
5 0.371875 0.378516 0.040625 0.047656
3 0.309375 0.381250 0.071875 0.100000
11 0.225000 0.400000 0.053125 0.081250
11 0.350000 0.450000 0.056250 0.068750
5 0.631250 0.506641 0.062500 0.078906
5 0.549219 0.515625 0.060937 0.093750
5 0.154688 0.606641 0.096875 0.128906
5 0.288281 0.667188 0.082812 0.100000
