1 0.357812 0.409375 0.046875 0.068750
10 0.300781 0.425391 0.045312 0.066406
5 0.402344 0.428125 0.032813 0.043750
10 0.272656 0.442188 0.048438 0.075000
9 0.335938 0.442578 0.065625 0.085156
5 0.388281 0.492188 0.042188 0.050000
10 0.300781 0.503516 0.064062 0.091406
9 0.178125 0.515234 0.125000 0.171094
5 0.378125 0.522266 0.050000 0.060156
5 0.349219 0.587891 0.057813 0.066406
5 0.573438 0.633984 0.071875 0.108594
5 0.331250 0.646875 0.075000 0.100000
12 0.071875 0.683984 0.143750 0.296094
7 0.324219 0.718359 0.085938 0.127344
5 0.293750 0.837500 0.112500 0.150000
