10 0.350781 0.416797 0.045312 0.071094
5 0.502344 0.431641 0.026562 0.035156
5 0.397656 0.446875 0.029687 0.031250
9 0.300781 0.476562 0.079687 0.131250
5 0.380469 0.508984 0.048438 0.064844
8 0.606250 0.518750 0.050000 0.087500
8 0.178906 0.537891 0.095312 0.097656
5 0.358594 0.555859 0.054688 0.071094
10 0.205469 0.604297 0.129688 0.171094
5 0.566406 0.622266 0.070312 0.110156
9 0.857031 0.642188 0.195312 0.250000
8 0.065625 0.648438 0.128125 0.137500
5 0.324219 0.707422 0.085938 0.114844
8 0.753906 0.719922 0.151562 0.252344
