9 0.354687 0.408984 0.046875 0.083594
10 0.317969 0.453125 0.064062 0.081250
5 0.396094 0.458984 0.032813 0.046094
5 0.387500 0.475000 0.034375 0.037500
5 0.507812 0.478516 0.037500 0.047656
5 0.382812 0.509375 0.037500 0.050000
8 0.189844 0.533984 0.076563 0.114844
5 0.538281 0.548438 0.051562 0.075000
1 0.248438 0.562109 0.128125 0.171094
5 0.367188 0.564453 0.059375 0.066406
10 0.084375 0.617578 0.125000 0.135156
10 0.815625 0.637109 0.131250 0.146094
5 0.329688 0.658984 0.071875 0.089844
5 0.288281 0.782813 0.104688 0.143750
10 0.095312 0.834766 0.190625 0.328906
