2 0.258594 0.365234 0.082812 0.083594
5 0.382812 0.373437 0.043750 0.050000
2 0.675000 0.416016 0.071875 0.147656
2 0.600000 0.422266 0.075000 0.153906
5 0.350781 0.454688 0.073438 0.112500
5 0.742969 0.454297 0.064062 0.083594
8 0.257812 0.459766 0.103125 0.160156
1 0.526563 0.475000 0.118750 0.193750
5 0.153906 0.506641 0.101562 0.116406
5 0.785937 0.561328 0.100000 0.160156
5 0.879687 0.562891 0.100000 0.116406
5 0.292187 0.648047 0.125000 0.183594
8 0.117969 0.678125 0.182812 0.243750
8 0.964063 0.712109 0.071875 0.258594
5 0.201563 0.956641 0.206250 0.085156
