10 0.357812 0.405859 0.043750 0.064844
9 0.332031 0.433203 0.067187 0.103906
5 0.400781 0.439063 0.029687 0.031250
5 0.394531 0.469141 0.035937 0.035156
8 0.240625 0.481641 0.071875 0.097656
5 0.382031 0.496875 0.039062 0.050000
10 0.282813 0.508984 0.081250 0.108594
8 0.174219 0.537891 0.079687 0.085156
5 0.361719 0.567187 0.048438 0.075000
5 0.560156 0.614062 0.073438 0.106250
8 0.069531 0.626563 0.139063 0.131250
5 0.335156 0.684375 0.085938 0.106250
9 0.919531 0.747266 0.160938 0.366406
1 0.121875 0.770703 0.243750 0.378906
5 0.267969 0.873047 0.132812 0.158594
