2 0.328125 0.331250 0.050000 0.037500
5 0.385156 0.357422 0.042188 0.027344
2 0.259375 0.367578 0.068750 0.085156
5 0.325781 0.369141 0.035937 0.028906
2 0.283594 0.419141 0.067187 0.110156
5 0.360156 0.431641 0.051562 0.078906
2 0.794531 0.507422 0.129688 0.139844
8 0.616406 0.508203 0.067187 0.141406
8 0.668750 0.553125 0.093750 0.193750
5 0.521094 0.569141 0.057813 0.116406
5 0.550781 0.602734 0.082812 0.089844
8 0.114062 0.603516 0.143750 0.228906
2 0.952344 0.612891 0.095312 0.216406
5 0.297656 0.630859 0.098437 0.121094
8 0.749219 0.642578 0.085938 0.160156
5 0.564844 0.716016 0.098437 0.141406
2 0.859375 0.738672 0.209375 0.402344
8 0.023438 0.787500 0.046875 0.281250
2 0.925000 0.844141 0.150000 0.310156
5 0.736719 0.862891 0.185938 0.272656
