8 0.335156 0.403125 0.026562 0.037500
8 0.302344 0.435547 0.035937 0.046094
5 0.352344 0.436328 0.029687 0.035156
7 0.402344 0.451172 0.029687 0.039844
5 0.325000 0.465234 0.025000 0.021094
10 0.659375 0.478125 0.071875 0.112500
5 0.390625 0.486328 0.037500 0.047656
5 0.325781 0.489453 0.035937 0.041406
10 0.211719 0.508984 0.070312 0.102344
10 0.263281 0.550391 0.082812 0.116406
5 0.373437 0.559766 0.050000 0.060156
8 0.139844 0.573828 0.085938 0.122656
8 0.092969 0.783984 0.182812 0.233594
5 0.292187 0.856250 0.112500 0.150000
