9 0.354687 0.408984 0.046875 0.083594
10 0.317969 0.453125 0.064062 0.081250
5 0.396094 0.458984 0.032813 0.046094
5 0.387500 0.475000 0.034375 0.037500
5 0.510938 0.490234 0.037500 0.058594
5 0.382812 0.509375 0.037500 0.050000
8 0.196875 0.531250 0.071875 0.106250
5 0.368750 0.559375 0.053125 0.062500
1 0.248438 0.562109 0.128125 0.171094
5 0.547656 0.573828 0.057813 0.085156
10 0.094531 0.598828 0.117188 0.110156
5 0.332031 0.643750 0.070312 0.081250
10 0.842187 0.668750 0.134375 0.175000
5 0.294531 0.771875 0.107813 0.137500
10 0.095312 0.834766 0.190625 0.328906
