5 0.475781 0.357812 0.035937 0.031250
3 0.543750 0.369922 0.056250 0.089844
5 0.371875 0.383984 0.034375 0.046094
5 0.479687 0.384375 0.031250 0.037500
5 0.310156 0.388672 0.032813 0.039844
9 0.660156 0.396875 0.095312 0.118750
5 0.492969 0.407813 0.039062 0.031250
5 0.546094 0.419922 0.023438 0.052344
3 0.594531 0.440234 0.095312 0.164844
5 0.499219 0.447266 0.051562 0.053906
5 0.513281 0.486328 0.060937 0.060156
5 0.524219 0.531250 0.067187 0.081250
9 0.685937 0.534766 0.150000 0.247656
5 0.782813 0.546875 0.059375 0.100000
5 0.541406 0.581250 0.079687 0.100000
5 0.851562 0.629687 0.100000 0.125000
5 0.589844 0.713672 0.114062 0.189844
5 0.261719 0.756641 0.107813 0.141406
5 0.900781 0.893750 0.189062 0.212500
5 0.655469 0.901563 0.145313 0.196875
