5 0.490625 0.423047 0.031250 0.033594
8 0.584375 0.425391 0.040625 0.066406
5 0.356250 0.426953 0.031250 0.041406
5 0.403906 0.436328 0.032813 0.035156
5 0.547656 0.437109 0.035937 0.039844
8 0.298438 0.441016 0.040625 0.047656
5 0.339062 0.457422 0.037500 0.039844
5 0.401562 0.471875 0.037500 0.043750
5 0.503125 0.480078 0.034375 0.047656
5 0.320312 0.493750 0.037500 0.043750
5 0.238281 0.496875 0.048438 0.050000
5 0.642969 0.500000 0.054688 0.062500
5 0.380469 0.512891 0.045312 0.047656
5 0.303125 0.525391 0.053125 0.066406
5 0.539844 0.547266 0.054688 0.078906
5 0.374219 0.561328 0.048438 0.060156
9 0.125000 0.564453 0.143750 0.191406
8 0.639844 0.568359 0.073438 0.102344
10 0.250781 0.570312 0.101562 0.131250
5 0.382031 0.607422 0.064062 0.089844
10 0.195312 0.640625 0.118750 0.156250
9 0.039844 0.671484 0.079687 0.189844
5 0.309375 0.689453 0.096875 0.103906
5 0.289844 0.809375 0.104688 0.131250
9 0.096875 0.825391 0.193750 0.347656
5 0.228125 0.940625 0.153125 0.118750
