3 0.546875 0.365234 0.062500 0.089844
5 0.479687 0.368750 0.034375 0.037500
5 0.480469 0.395313 0.032813 0.043750
5 0.488281 0.407813 0.032813 0.031250
5 0.553125 0.414062 0.040625 0.043750
5 0.497656 0.434375 0.051562 0.056250
5 0.564844 0.443359 0.035937 0.058594
5 0.508594 0.479297 0.051562 0.083594
3 0.646875 0.513672 0.125000 0.214844
5 0.728906 0.517578 0.054688 0.085156
5 0.533594 0.555078 0.076563 0.097656
5 0.262500 0.662891 0.100000 0.122656
5 0.570312 0.673438 0.103125 0.125000
9 0.873437 0.769141 0.253125 0.460156
