8 0.376563 0.274609 0.025000 0.039844
8 0.414062 0.275391 0.025000 0.041406
8 0.340625 0.278516 0.028125 0.035156
8 0.353906 0.281250 0.004687 0.006250
8 0.353906 0.281250 0.004687 0.006250
5 0.453906 0.281250 0.001563 0.006250
8 0.377344 0.291797 0.001563 0.008594
5 0.453125 0.294922 0.018750 0.027344
8 0.358594 0.301953 0.035937 0.053906
5 0.460938 0.308984 0.018750 0.021094
2 0.503906 0.312500 0.029687 0.075000
5 0.464844 0.321484 0.023438 0.027344
8 0.392969 0.324609 0.035937 0.064844
2 0.583594 0.344141 0.045312 0.066406
5 0.471875 0.355859 0.025000 0.033594
8 0.528125 0.364453 0.040625 0.078906
8 0.328906 0.368359 0.051562 0.077344
2 0.610156 0.398438 0.051562 0.062500
5 0.484375 0.402734 0.028125 0.033594
8 0.564063 0.402734 0.037500 0.083594
2 0.660937 0.423047 0.053125 0.083594
5 0.497656 0.428125 0.001563 0.006250
5 0.570312 0.440625 0.025000 0.043750
5 0.496094 0.443359 0.035937 0.033594
5 0.596875 0.462109 0.034375 0.064844
5 0.510938 0.476562 0.040625 0.043750
2 0.736719 0.497266 0.082812 0.128906
8 0.632812 0.553516 0.059375 0.141406
5 0.087500 0.555859 0.065625 0.121094
5 0.525781 0.569922 0.060937 0.102344
8 0.683594 0.570703 0.092188 0.191406
2 0.822656 0.637891 0.007812 0.010156
2 0.822656 0.637891 0.007812 0.010156
5 0.745313 0.655078 0.043750 0.135156
5 0.557031 0.694141 0.082812 0.122656
2 0.860938 0.732422 0.181250 0.314844
5 0.246094 0.734375 0.092188 0.125000
2 0.930469 0.829688 0.139063 0.262500
5 0.615625 0.832422 0.162500 0.189844
5 0.646094 0.948438 0.182812 0.103125
