5 0.321094 0.338672 0.042188 0.052344
5 0.352344 0.343359 0.029687 0.033594
5 0.383594 0.357422 0.026562 0.039844
8 0.713281 0.451172 0.070312 0.114844
5 0.501563 0.467187 0.034375 0.075000
8 0.785937 0.511328 0.109375 0.147656
5 0.525781 0.515625 0.051562 0.075000
8 0.674219 0.535547 0.089063 0.183594
5 0.557031 0.561328 0.057813 0.085156
8 0.537500 0.615625 0.075000 0.150000
8 0.732031 0.636328 0.051562 0.135156
5 0.585156 0.720703 0.092188 0.116406
2 0.846094 0.725391 0.195312 0.385156
5 0.213281 0.813672 0.142187 0.152344
5 0.607031 0.830078 0.114062 0.147656
2 0.928906 0.847266 0.142187 0.303906
5 0.642969 0.950000 0.135937 0.087500
