12 0.342969 0.329688 0.048438 0.062500
11 0.521875 0.336328 0.034375 0.060156
10 0.287500 0.343359 0.056250 0.071094
11 0.569531 0.352734 0.035937 0.064844
5 0.382031 0.360938 0.026562 0.037500
12 0.245312 0.367578 0.078125 0.085156
5 0.360156 0.405859 0.035937 0.046094
3 0.284375 0.415625 0.087500 0.118750
11 0.190625 0.429688 0.068750 0.100000
5 0.580469 0.446484 0.048438 0.064844
5 0.524219 0.458984 0.048438 0.077344
11 0.325781 0.515625 0.070312 0.093750
5 0.050781 0.778125 0.101562 0.175000
