8 0.349219 0.323828 0.042188 0.072656
5 0.391406 0.353125 0.026562 0.043750
5 0.267188 0.377734 0.034375 0.046094
5 0.571094 0.418359 0.029687 0.039844
5 0.253906 0.424609 0.064062 0.058594
5 0.596875 0.446875 0.040625 0.062500
5 0.506250 0.468750 0.040625 0.062500
2 0.771875 0.473438 0.159375 0.200000
5 0.519531 0.480859 0.048438 0.046094
2 0.630469 0.497266 0.073438 0.116406
5 0.531250 0.521875 0.056250 0.062500
8 0.677344 0.570312 0.095312 0.218750
5 0.558594 0.574609 0.060937 0.108594
8 0.530469 0.615625 0.067187 0.125000
8 0.744531 0.640625 0.060937 0.118750
8 0.092188 0.712109 0.184375 0.283594
5 0.582812 0.712891 0.112500 0.110156
2 0.861719 0.718359 0.229687 0.339844
2 0.952344 0.869141 0.095312 0.260156
5 0.621875 0.884375 0.156250 0.231250
