2 0.239844 0.381250 0.082812 0.131250
10 0.578125 0.399609 0.053125 0.102344
5 0.371094 0.400000 0.035937 0.050000
5 0.312500 0.400391 0.037500 0.047656
5 0.621875 0.406641 0.034375 0.060156
4 0.489844 0.409375 0.039062 0.056250
11 0.679688 0.424609 0.053125 0.046094
8 0.251563 0.450391 0.056250 0.072656
10 0.613281 0.462500 0.054688 0.068750
5 0.505469 0.467578 0.045312 0.060156
5 0.332031 0.508203 0.064062 0.103906
9 0.783594 0.518359 0.123438 0.239844
5 0.210938 0.546484 0.065625 0.077344
5 0.530469 0.566016 0.070312 0.110156
12 0.717969 0.597266 0.223438 0.297656
5 0.599219 0.729297 0.107813 0.171094
5 0.264062 0.825000 0.131250 0.150000
5 0.048438 0.896875 0.096875 0.168750
