2 0.650000 0.398047 0.084375 0.096094
5 0.595313 0.449609 0.046875 0.077344
5 0.506250 0.453516 0.043750 0.053906
5 0.514844 0.490234 0.057813 0.083594
2 0.825781 0.491016 0.201563 0.185156
8 0.621875 0.505859 0.071875 0.127344
5 0.532031 0.518750 0.064062 0.062500
8 0.673438 0.543750 0.118750 0.200000
8 0.049219 0.560547 0.095312 0.158594
5 0.554688 0.577734 0.084375 0.114844
5 0.179688 0.594922 0.103125 0.114844
8 0.535937 0.629297 0.087500 0.158594
8 0.772656 0.669922 0.098437 0.164844
5 0.577344 0.751172 0.117188 0.177344
8 0.897656 0.766797 0.204687 0.383594
5 0.621875 0.892188 0.146875 0.215625
