5 0.467969 0.328125 0.023438 0.025000
5 0.507031 0.331250 0.029687 0.031250
2 0.625000 0.373437 0.071875 0.125000
2 0.560156 0.383203 0.067187 0.103906
5 0.369531 0.397266 0.042188 0.041406
8 0.301563 0.406250 0.056250 0.062500
1 0.500781 0.409375 0.076563 0.125000
1 0.182031 0.434375 0.092188 0.118750
8 0.254688 0.469141 0.068750 0.103906
5 0.690625 0.475000 0.065625 0.087500
5 0.350000 0.503125 0.056250 0.062500
8 0.809375 0.547266 0.112500 0.141406
8 0.161719 0.550391 0.120313 0.135156
5 0.590625 0.748437 0.112500 0.150000
2 0.871875 0.801562 0.256250 0.396875
8 0.048438 0.826953 0.096875 0.303906
5 0.192969 0.931250 0.167187 0.137500
