5 0.549219 0.421484 0.023438 0.033594
5 0.496094 0.423828 0.026562 0.035156
5 0.365625 0.425391 0.028125 0.035156
5 0.406250 0.431641 0.028125 0.035156
5 0.345313 0.462500 0.025000 0.056250
5 0.398438 0.462891 0.034375 0.041406
5 0.640625 0.481641 0.046875 0.060156
8 0.310156 0.483984 0.057813 0.096094
5 0.583594 0.483984 0.045312 0.071094
10 0.224219 0.486328 0.085938 0.135156
5 0.401562 0.494141 0.040625 0.060156
8 0.253906 0.565234 0.085938 0.127344
5 0.542188 0.584766 0.062500 0.097656
5 0.339062 0.593359 0.068750 0.083594
5 0.647656 0.600000 0.067187 0.081250
10 0.085156 0.611328 0.170313 0.222656
5 0.330469 0.678516 0.073438 0.097656
10 0.096875 0.810547 0.193750 0.333594
5 0.256250 0.900391 0.131250 0.172656
