9 0.265625 0.459375 0.071875 0.093750
5 0.328906 0.478516 0.035937 0.047656
5 0.378906 0.510938 0.045312 0.062500
9 0.186719 0.513672 0.123438 0.139844
5 0.298438 0.524609 0.043750 0.052344
9 0.645312 0.544141 0.125000 0.216406
5 0.732812 0.562109 0.062500 0.077344
5 0.372656 0.562109 0.051562 0.071094
5 0.272656 0.574609 0.060937 0.083594
5 0.340625 0.629297 0.071875 0.083594
8 0.892969 0.705859 0.189062 0.264844
10 0.115625 0.725391 0.228125 0.353906
5 0.300781 0.753516 0.104688 0.153906
5 0.627344 0.791016 0.107813 0.147656
5 0.223438 0.935937 0.156250 0.128125
