5 0.384375 0.347266 0.028125 0.035156
10 0.535156 0.359766 0.042188 0.060156
8 0.266406 0.371875 0.045312 0.062500
5 0.480469 0.375391 0.032813 0.041406
5 0.542969 0.403125 0.026562 0.037500
11 0.639844 0.409766 0.039062 0.053906
5 0.489063 0.418750 0.037500 0.056250
12 0.594531 0.428125 0.085938 0.137500
10 0.688281 0.462891 0.070312 0.085156
5 0.507031 0.475391 0.054688 0.066406
5 0.766406 0.560937 0.079687 0.100000
5 0.664844 0.572266 0.079687 0.097656
5 0.588281 0.664062 0.089063 0.131250
11 0.924219 0.674609 0.151562 0.239844
