10 0.348438 0.371875 0.034375 0.050000
8 0.524219 0.381641 0.032813 0.047656
10 0.320312 0.403516 0.053125 0.078906
5 0.423438 0.405859 0.021875 0.027344
5 0.405469 0.409766 0.023438 0.028906
5 0.294531 0.412891 0.026562 0.035156
8 0.357031 0.418359 0.042188 0.058594
5 0.535937 0.421484 0.025000 0.033594
5 0.396875 0.428516 0.031250 0.035156
5 0.502344 0.437891 0.029687 0.047656
5 0.257812 0.443359 0.034375 0.039844
5 0.400781 0.444141 0.032813 0.028906
8 0.336719 0.455078 0.057813 0.085156
5 0.397656 0.459766 0.039062 0.047656
5 0.261719 0.468359 0.039062 0.052344
5 0.382812 0.492578 0.050000 0.060156
5 0.186719 0.498047 0.042188 0.058594
8 0.228906 0.502734 0.070312 0.089844
5 0.300000 0.515234 0.053125 0.071094
5 0.348438 0.604688 0.071875 0.087500
5 0.244531 0.618750 0.085938 0.100000
5 0.130469 0.638672 0.092188 0.102344
5 0.680469 0.895312 0.145313 0.209375
