10 0.323437 0.408984 0.034375 0.058594
10 0.362500 0.417578 0.043750 0.060156
9 0.274219 0.434375 0.076563 0.100000
5 0.406250 0.438672 0.028125 0.039844
5 0.397656 0.482422 0.042188 0.052344
12 0.195312 0.510938 0.115625 0.175000
9 0.271094 0.524609 0.092188 0.164844
5 0.361719 0.547266 0.051562 0.053906
5 0.084375 0.585938 0.075000 0.062500
5 0.346875 0.605859 0.068750 0.083594
7 0.331250 0.704297 0.090625 0.121094
8 0.057031 0.704688 0.107813 0.187500
10 0.829688 0.805078 0.240625 0.360156
5 0.125000 0.818359 0.140625 0.146094
5 0.294531 0.835547 0.114062 0.146094
