10 0.266406 0.360547 0.039062 0.058594
5 0.389062 0.368359 0.028125 0.039844
10 0.242969 0.384375 0.048438 0.068750
5 0.678906 0.403125 0.042188 0.043750
5 0.618750 0.409375 0.040625 0.050000
5 0.568750 0.413672 0.040625 0.064844
10 0.265625 0.431250 0.059375 0.093750
5 0.677344 0.456250 0.060937 0.068750
5 0.356250 0.456641 0.046875 0.060156
5 0.167969 0.463672 0.054688 0.077344
10 0.219531 0.493359 0.079687 0.139844
5 0.518750 0.510547 0.059375 0.083594
5 0.325000 0.553516 0.062500 0.072656
5 0.666406 0.593750 0.079687 0.100000
9 0.850000 0.618359 0.215625 0.214844
5 0.067969 0.630859 0.107813 0.121094
5 0.571094 0.655078 0.089063 0.122656
5 0.282813 0.667188 0.100000 0.112500
5 0.830469 0.800391 0.139063 0.160156
5 0.200781 0.900391 0.164062 0.197656
