1 0.357031 0.416016 0.048438 0.072656
8 0.307031 0.428516 0.045312 0.066406
5 0.396094 0.453125 0.039062 0.043750
9 0.317969 0.455859 0.073438 0.096094
5 0.508594 0.465234 0.039062 0.052344
10 0.252344 0.466016 0.054688 0.091406
5 0.388281 0.492188 0.042188 0.050000
5 0.373437 0.531641 0.050000 0.060156
5 0.544531 0.548438 0.060937 0.075000
10 0.272656 0.549609 0.085938 0.114844
9 0.127344 0.552734 0.170313 0.208594
5 0.349219 0.587891 0.057813 0.066406
5 0.331250 0.646875 0.075000 0.100000
7 0.327344 0.718359 0.085938 0.127344
5 0.290625 0.840625 0.112500 0.150000
