8 0.337500 0.404687 0.031250 0.037500
5 0.372656 0.405078 0.029687 0.035156
7 0.411719 0.421484 0.029687 0.033594
5 0.357031 0.430859 0.026562 0.033594
5 0.406250 0.444922 0.031250 0.039844
10 0.262500 0.460547 0.050000 0.083594
10 0.326562 0.478516 0.056250 0.066406
5 0.393750 0.486328 0.040625 0.047656
8 0.210938 0.500391 0.065625 0.085156
5 0.523438 0.503516 0.043750 0.060156
8 0.692969 0.537500 0.073438 0.075000
8 0.257031 0.547266 0.076563 0.116406
10 0.160938 0.550391 0.096875 0.135156
8 0.659375 0.583203 0.084375 0.128906
5 0.349219 0.645703 0.073438 0.091406
8 0.135937 0.746875 0.162500 0.218750
5 0.298438 0.845313 0.134375 0.168750
