6 0.341406 0.341016 0.029687 0.035156
10 0.267969 0.351172 0.064062 0.077344
5 0.385156 0.367188 0.029687 0.037500
5 0.328125 0.371484 0.025000 0.039844
10 0.293750 0.406250 0.056250 0.093750
5 0.491406 0.405078 0.032813 0.047656
9 0.661719 0.406641 0.073438 0.141406
12 0.599219 0.428516 0.104688 0.160156
5 0.359375 0.448047 0.050000 0.058594
5 0.509375 0.466016 0.050000 0.072656
2 0.116406 0.474609 0.176563 0.227344
5 0.235937 0.510547 0.062500 0.071094
5 0.325781 0.541016 0.070312 0.072656
5 0.564063 0.671875 0.093750 0.131250
8 0.064062 0.689453 0.121875 0.141406
9 0.834375 0.706250 0.259375 0.437500
