9 0.265625 0.459375 0.071875 0.093750
5 0.328906 0.478516 0.035937 0.047656
9 0.595313 0.484375 0.084375 0.150000
5 0.378906 0.510938 0.045312 0.062500
9 0.172656 0.523828 0.129688 0.147656
5 0.298438 0.524609 0.043750 0.052344
8 0.714063 0.534375 0.087500 0.143750
5 0.372656 0.562109 0.051562 0.071094
5 0.541406 0.568359 0.054688 0.077344
5 0.266406 0.579297 0.060937 0.083594
5 0.335938 0.639453 0.068750 0.078906
5 0.660156 0.719141 0.098437 0.147656
5 0.289062 0.796484 0.125000 0.177344
10 0.103125 0.798438 0.206250 0.403125
