5 0.475781 0.357812 0.035937 0.031250
3 0.543750 0.369922 0.056250 0.089844
5 0.479687 0.384375 0.031250 0.037500
9 0.660156 0.396875 0.095312 0.118750
5 0.492969 0.407813 0.039062 0.031250
5 0.546094 0.419922 0.023438 0.052344
3 0.192188 0.425000 0.096875 0.118750
5 0.360156 0.440625 0.045312 0.056250
5 0.499219 0.447266 0.051562 0.053906
3 0.603906 0.458984 0.095312 0.164844
5 0.516406 0.494141 0.060937 0.060156
5 0.536719 0.553125 0.067187 0.081250
5 0.823438 0.583984 0.071875 0.114844
9 0.746094 0.596484 0.179688 0.296094
5 0.557031 0.641016 0.089063 0.122656
5 0.938281 0.731641 0.123438 0.141406
