5 0.347656 0.352734 0.026562 0.039844
6 0.278125 0.357812 0.053125 0.081250
5 0.366406 0.396875 0.032813 0.043750
5 0.492969 0.401953 0.042188 0.041406
8 0.567969 0.409766 0.057813 0.097656
5 0.656250 0.419141 0.043750 0.047656
5 0.489063 0.425391 0.034375 0.047656
5 0.506250 0.459375 0.046875 0.062500
5 0.710156 0.464062 0.054688 0.068750
5 0.603125 0.474609 0.050000 0.064844
5 0.523438 0.525391 0.056250 0.078906
6 0.852344 0.584766 0.204687 0.228906
5 0.550781 0.642578 0.095312 0.135156
5 0.289062 0.648438 0.100000 0.125000
5 0.767969 0.740625 0.129688 0.168750
5 0.639844 0.891016 0.135937 0.197656
