5 0.401562 0.312500 0.028125 0.037500
5 0.368750 0.319141 0.031250 0.028906
8 0.310937 0.325000 0.056250 0.087500
5 0.387500 0.342187 0.040625 0.050000
2 0.541406 0.368750 0.057813 0.112500
5 0.369531 0.400391 0.051562 0.066406
5 0.646875 0.423438 0.046875 0.062500
8 0.585938 0.442188 0.084375 0.125000
5 0.691406 0.456250 0.057813 0.081250
5 0.526563 0.508984 0.068750 0.089844
5 0.803906 0.537109 0.073438 0.096094
5 0.639844 0.539062 0.073438 0.106250
5 0.547656 0.593359 0.085938 0.127344
5 0.280469 0.658203 0.114062 0.166406
2 0.904687 0.670703 0.190625 0.353906
5 0.575781 0.762891 0.120313 0.197656
5 0.900000 0.878516 0.200000 0.241406
5 0.363281 0.884375 0.001563 0.012500
