5 0.297656 0.337109 0.032813 0.046094
8 0.339844 0.338672 0.029687 0.052344
5 0.388281 0.342578 0.029687 0.035156
2 0.612500 0.362891 0.065625 0.103906
2 0.553125 0.371484 0.059375 0.102344
1 0.491406 0.390234 0.070312 0.121094
5 0.363281 0.431641 0.045312 0.060156
8 0.276562 0.443750 0.068750 0.081250
5 0.741406 0.451562 0.051562 0.056250
5 0.674219 0.456250 0.060937 0.087500
8 0.142969 0.483203 0.114062 0.153906
8 0.214062 0.537109 0.093750 0.146094
5 0.328125 0.592187 0.078125 0.087500
5 0.558594 0.633203 0.095312 0.116406
8 0.070312 0.658984 0.140625 0.189844
2 0.924219 0.690234 0.151562 0.358594
2 0.846875 0.756641 0.306250 0.485156
