8 0.317969 0.366016 0.057813 0.085156
5 0.385156 0.381641 0.035937 0.047656
5 0.478125 0.384766 0.040625 0.047656
2 0.561719 0.393359 0.082812 0.127344
5 0.364063 0.420312 0.050000 0.056250
8 0.247656 0.430078 0.064062 0.097656
2 0.675000 0.430859 0.093750 0.146094
5 0.511719 0.483984 0.054688 0.089844
5 0.326562 0.525391 0.062500 0.072656
5 0.637500 0.525391 0.062500 0.110156
5 0.141406 0.614453 0.104688 0.103906
1 0.791406 0.662109 0.264062 0.358594
5 0.621875 0.696484 0.125000 0.171094
5 0.960156 0.751172 0.079687 0.152344
