8 0.341406 0.340625 0.029687 0.056250
5 0.388281 0.357422 0.026562 0.039844
8 0.637500 0.390234 0.065625 0.089844
8 0.558594 0.392188 0.057813 0.087500
5 0.505469 0.419922 0.051562 0.027344
8 0.679688 0.425391 0.081250 0.110156
5 0.577344 0.429297 0.051562 0.058594
5 0.508594 0.448828 0.042188 0.035156
5 0.593750 0.449609 0.037500 0.071094
8 0.164844 0.472266 0.095312 0.128906
8 0.518750 0.496875 0.068750 0.081250
8 0.628906 0.516016 0.082812 0.141406
8 0.775000 0.528125 0.103125 0.093750
8 0.669531 0.548438 0.104688 0.200000
5 0.529687 0.593359 0.081250 0.108594
2 0.917969 0.614062 0.164062 0.181250
8 0.743750 0.640234 0.065625 0.146094
8 0.118750 0.654297 0.106250 0.158594
5 0.571094 0.695312 0.089063 0.156250
2 0.859375 0.723828 0.221875 0.372656
2 0.225781 0.769141 0.204687 0.460156
2 0.927344 0.843750 0.145313 0.312500
5 0.642188 0.916016 0.156250 0.166406
