5 0.483594 0.395703 0.035937 0.041406
10 0.314844 0.403125 0.051562 0.081250
8 0.353906 0.412500 0.057813 0.087500
5 0.282813 0.414453 0.034375 0.053906
5 0.395313 0.433984 0.046875 0.058594
5 0.269531 0.440625 0.051562 0.075000
5 0.401562 0.447266 0.040625 0.047656
8 0.328125 0.459766 0.078125 0.103906
5 0.230469 0.466797 0.051562 0.058594
5 0.392188 0.479687 0.056250 0.075000
5 0.250781 0.488672 0.067187 0.077344
5 0.365625 0.519922 0.071875 0.089844
8 0.198437 0.531641 0.084375 0.116406
5 0.289062 0.531641 0.059375 0.078906
5 0.539844 0.532422 0.051562 0.064844
5 0.125781 0.553125 0.067187 0.062500
5 0.215625 0.668750 0.093750 0.106250
5 0.328906 0.687500 0.089063 0.112500
5 0.052344 0.754297 0.104688 0.133594
