3 0.546875 0.365234 0.062500 0.089844
5 0.479687 0.368750 0.034375 0.037500
5 0.480469 0.395313 0.032813 0.043750
5 0.488281 0.407813 0.032813 0.031250
5 0.553125 0.414062 0.040625 0.043750
5 0.497656 0.434375 0.051562 0.056250
5 0.564844 0.443359 0.035937 0.058594
5 0.508594 0.479297 0.051562 0.083594
5 0.721875 0.505859 0.046875 0.077344
3 0.646875 0.513672 0.125000 0.214844
5 0.530469 0.536328 0.076563 0.097656
5 0.561719 0.648828 0.089063 0.122656
5 0.237500 0.732422 0.109375 0.139844
9 0.860156 0.756641 0.279687 0.485156
