8 0.296094 0.428516 0.045312 0.066406
1 0.345313 0.434375 0.059375 0.087500
10 0.258594 0.451562 0.048438 0.043750
5 0.388281 0.471875 0.039062 0.043750
5 0.508594 0.475000 0.045312 0.062500
9 0.290625 0.493359 0.096875 0.127344
10 0.218750 0.499609 0.071875 0.108594
5 0.383594 0.501953 0.042188 0.041406
5 0.614844 0.524609 0.057813 0.089844
5 0.373437 0.541016 0.050000 0.060156
5 0.543750 0.584375 0.065625 0.093750
5 0.352344 0.587109 0.064062 0.064844
10 0.213281 0.614453 0.123438 0.166406
5 0.331250 0.648438 0.075000 0.100000
9 0.072656 0.660937 0.145313 0.325000
7 0.329688 0.726562 0.093750 0.131250
5 0.293750 0.847266 0.115625 0.166406
