9 0.602344 0.419922 0.048438 0.077344
1 0.550000 0.428125 0.053125 0.081250
10 0.326562 0.453516 0.056250 0.078906
5 0.507812 0.465625 0.031250 0.056250
5 0.389062 0.475000 0.034375 0.037500
10 0.594531 0.477734 0.060937 0.083594
5 0.383594 0.508203 0.042188 0.041406
8 0.203125 0.523438 0.078125 0.112500
1 0.260937 0.548438 0.121875 0.162500
5 0.367969 0.552734 0.054688 0.064844
10 0.131250 0.580859 0.109375 0.114844
5 0.540625 0.582812 0.062500 0.081250
5 0.335156 0.633984 0.070312 0.083594
5 0.305469 0.739453 0.101562 0.128906
5 0.631250 0.812891 0.109375 0.197656
9 0.107813 0.819141 0.209375 0.360156
