2 0.239844 0.381250 0.082812 0.131250
5 0.314063 0.391016 0.037500 0.047656
10 0.581250 0.405859 0.059375 0.102344
5 0.626563 0.411328 0.034375 0.060156
4 0.491406 0.415625 0.039062 0.068750
8 0.255469 0.437891 0.048438 0.060156
11 0.684375 0.438672 0.053125 0.052344
10 0.619531 0.471484 0.067187 0.089844
5 0.512500 0.478516 0.046875 0.066406
5 0.332031 0.508203 0.064062 0.103906
9 0.797656 0.523828 0.142187 0.247656
5 0.220312 0.530078 0.062500 0.072656
5 0.535156 0.580078 0.070312 0.110156
12 0.739844 0.618359 0.251563 0.321094
5 0.610938 0.766016 0.121875 0.178906
5 0.276562 0.781250 0.109375 0.137500
5 0.062500 0.837891 0.125000 0.160156
