9 0.559375 0.392578 0.040625 0.060156
5 0.517969 0.418359 0.026562 0.039844
5 0.498437 0.433984 0.028125 0.046094
10 0.330469 0.440234 0.067187 0.102344
5 0.403906 0.451172 0.026562 0.039844
8 0.271094 0.460547 0.045312 0.071094
5 0.392188 0.483984 0.034375 0.046094
5 0.528906 0.495312 0.042188 0.056250
9 0.214062 0.580859 0.171875 0.233594
5 0.348438 0.603125 0.071875 0.100000
10 0.068750 0.655859 0.137500 0.171094
5 0.312500 0.703125 0.087500 0.118750
5 0.585938 0.712109 0.100000 0.152344
8 0.835156 0.820312 0.232813 0.293750
10 0.076563 0.847266 0.153125 0.303906
5 0.263281 0.912500 0.132812 0.175000
