9 0.485938 0.339453 0.015625 0.028906
5 0.464844 0.351172 0.010937 0.014844
10 0.339062 0.387500 0.034375 0.056250
8 0.363281 0.407813 0.029687 0.043750
5 0.400000 0.407813 0.025000 0.018750
5 0.398438 0.428516 0.028125 0.028906
8 0.299219 0.436328 0.042188 0.060156
10 0.343750 0.443359 0.043750 0.071094
5 0.400000 0.452734 0.031250 0.033594
5 0.392188 0.470703 0.034375 0.041406
5 0.225781 0.472266 0.035937 0.035156
5 0.257812 0.487109 0.040625 0.046094
5 0.317188 0.487891 0.040625 0.053906
5 0.377344 0.503125 0.042188 0.056250
5 0.283594 0.536328 0.045312 0.060156
5 0.245312 0.605078 0.071875 0.085156
5 0.331250 0.656641 0.081250 0.116406
9 0.068750 0.658984 0.137500 0.252344
5 0.139063 0.789453 0.121875 0.128906
8 0.913281 0.850000 0.173437 0.300000
