5 0.359375 0.425391 0.028125 0.041406
5 0.492188 0.428125 0.031250 0.037500
8 0.589063 0.426953 0.040625 0.066406
5 0.402344 0.430078 0.029687 0.035156
8 0.299219 0.440234 0.042188 0.052344
5 0.550781 0.443359 0.035937 0.039844
5 0.339844 0.458203 0.032813 0.041406
5 0.402344 0.469141 0.035937 0.041406
5 0.246094 0.488672 0.045312 0.039844
5 0.323437 0.490625 0.040625 0.043750
5 0.507031 0.490234 0.042188 0.052344
5 0.382031 0.511328 0.045312 0.047656
5 0.660937 0.515234 0.065625 0.077344
5 0.303125 0.525391 0.053125 0.066406
5 0.375000 0.559766 0.046875 0.060156
9 0.125000 0.564453 0.143750 0.191406
10 0.244531 0.565234 0.098437 0.127344
5 0.545312 0.572266 0.059375 0.091406
8 0.657031 0.586328 0.095312 0.122656
5 0.381250 0.605078 0.065625 0.085156
10 0.195312 0.640625 0.118750 0.156250
9 0.039844 0.671484 0.079687 0.189844
5 0.309375 0.687891 0.100000 0.110156
5 0.289844 0.809375 0.104688 0.131250
9 0.096875 0.825391 0.193750 0.347656
5 0.230469 0.939063 0.157812 0.121875
