9 0.359375 0.409766 0.053125 0.085156
5 0.498437 0.436328 0.028125 0.035156
2 0.560156 0.437109 0.054688 0.077344
10 0.321094 0.455859 0.064062 0.077344
5 0.389062 0.475000 0.034375 0.037500
5 0.514062 0.501563 0.043750 0.056250
5 0.383594 0.508203 0.042188 0.041406
8 0.203125 0.523438 0.078125 0.112500
1 0.253125 0.550391 0.121875 0.172656
5 0.367969 0.552734 0.054688 0.064844
10 0.101562 0.590234 0.109375 0.114844
5 0.556250 0.603125 0.059375 0.093750
5 0.333594 0.641797 0.070312 0.083594
10 0.887500 0.710938 0.150000 0.187500
5 0.296875 0.766016 0.103125 0.141406
10 0.099219 0.823438 0.192188 0.353125
