8 0.270313 0.358203 0.050000 0.066406
2 0.542969 0.371484 0.060937 0.102344
8 0.614844 0.387500 0.048438 0.062500
5 0.484375 0.397266 0.037500 0.047656
5 0.355469 0.409375 0.042188 0.050000
5 0.574219 0.442188 0.051562 0.062500
5 0.660937 0.450391 0.050000 0.066406
5 0.511719 0.465234 0.054688 0.071094
8 0.731250 0.495703 0.084375 0.128906
5 0.658594 0.559375 0.085938 0.112500
5 0.538281 0.568750 0.076563 0.093750
2 0.892188 0.587109 0.215625 0.333594
5 0.625781 0.775000 0.145313 0.218750
5 0.185938 0.912109 0.162500 0.171094
