8 0.330469 0.406641 0.026562 0.035156
5 0.366406 0.423047 0.029687 0.033594
5 0.410938 0.427734 0.031250 0.033594
5 0.282813 0.446484 0.034375 0.046094
5 0.504687 0.446484 0.037500 0.046094
5 0.614062 0.459375 0.040625 0.050000
5 0.339844 0.459766 0.032813 0.041406
5 0.394531 0.475391 0.039062 0.047656
5 0.325000 0.489063 0.037500 0.056250
10 0.185156 0.514062 0.107813 0.143750
8 0.285938 0.516797 0.065625 0.096094
5 0.378906 0.518750 0.042188 0.056250
5 0.543750 0.552734 0.062500 0.083594
5 0.392188 0.559375 0.050000 0.075000
5 0.653125 0.581250 0.071875 0.081250
5 0.779687 0.615234 0.059375 0.083594
8 0.207031 0.619922 0.104688 0.152344
10 0.052344 0.647266 0.104688 0.216406
5 0.322656 0.654687 0.079687 0.112500
8 0.876563 0.746484 0.206250 0.296094
5 0.292969 0.802734 0.101562 0.127344
10 0.092188 0.828516 0.184375 0.341406
5 0.232031 0.937500 0.151562 0.125000
