5 0.483594 0.400000 0.029687 0.031250
9 0.296094 0.424609 0.060937 0.071094
5 0.357812 0.437891 0.034375 0.053906
5 0.504687 0.445703 0.040625 0.041406
5 0.389062 0.466016 0.031250 0.035156
5 0.334375 0.473438 0.031250 0.050000
5 0.382031 0.501563 0.048438 0.068750
10 0.251563 0.545312 0.137500 0.181250
5 0.371875 0.550391 0.046875 0.072656
10 0.128125 0.554297 0.137500 0.158594
5 0.347656 0.597266 0.060937 0.078906
8 0.802344 0.631250 0.132812 0.181250
10 0.696094 0.633984 0.114062 0.221094
5 0.328125 0.662891 0.087500 0.116406
9 0.128125 0.700391 0.256250 0.366406
5 0.290625 0.759375 0.115625 0.143750
5 0.257812 0.914062 0.140625 0.171875
