5 0.387500 0.352734 0.025000 0.033594
2 0.300781 0.381641 0.045312 0.072656
8 0.625781 0.383984 0.054688 0.089844
8 0.660156 0.411328 0.070312 0.097656
5 0.364063 0.433984 0.046875 0.058594
2 0.742188 0.500391 0.084375 0.110156
8 0.629687 0.512500 0.075000 0.150000
8 0.667969 0.551953 0.089063 0.178906
2 0.871094 0.573438 0.160938 0.162500
8 0.523438 0.579688 0.068750 0.112500
8 0.556250 0.633984 0.075000 0.127344
8 0.747656 0.641797 0.079687 0.146094
2 0.857031 0.733203 0.220312 0.391406
2 0.926562 0.846875 0.146875 0.306250
8 0.611719 0.875000 0.132812 0.250000
