5 0.380469 0.357812 0.035937 0.043750
10 0.538281 0.362891 0.045312 0.072656
5 0.274219 0.376563 0.039062 0.043750
9 0.639062 0.383984 0.065625 0.102344
5 0.497656 0.405078 0.039062 0.047656
5 0.696875 0.407813 0.050000 0.056250
3 0.587500 0.409375 0.078125 0.125000
5 0.343750 0.458984 0.050000 0.064844
5 0.519531 0.490234 0.054688 0.071094
9 0.762500 0.493359 0.134375 0.152344
11 0.646094 0.530078 0.076563 0.135156
5 0.549219 0.592578 0.073438 0.097656
10 0.750000 0.640625 0.162500 0.300000
5 0.644531 0.870703 0.142187 0.228906
