6 0.261719 0.368750 0.060937 0.081250
5 0.330469 0.369922 0.026562 0.039844
8 0.564063 0.397266 0.053125 0.091406
5 0.492969 0.401953 0.042188 0.041406
5 0.642188 0.412891 0.043750 0.047656
5 0.489063 0.425391 0.034375 0.047656
5 0.353906 0.431641 0.048438 0.053906
5 0.689063 0.452734 0.053125 0.058594
5 0.506250 0.459375 0.046875 0.062500
5 0.592187 0.458984 0.046875 0.058594
5 0.517188 0.506641 0.053125 0.072656
6 0.817187 0.556641 0.196875 0.222656
5 0.544531 0.618359 0.089063 0.121094
5 0.733594 0.687891 0.114062 0.147656
8 0.949219 0.748437 0.101562 0.162500
5 0.616406 0.809766 0.123438 0.178906
