9 0.557813 0.431641 0.056250 0.103906
8 0.610938 0.440625 0.053125 0.093750
5 0.289062 0.441016 0.028125 0.041406
5 0.342187 0.456641 0.031250 0.041406
5 0.503125 0.456641 0.031250 0.041406
9 0.243750 0.480859 0.078125 0.121094
5 0.322656 0.487500 0.042188 0.056250
5 0.529687 0.506641 0.046875 0.072656
5 0.374219 0.513672 0.045312 0.064844
5 0.292187 0.536328 0.050000 0.060156
9 0.143750 0.552734 0.159375 0.177344
5 0.368750 0.578516 0.056250 0.078906
5 0.258594 0.591016 0.067187 0.091406
5 0.328125 0.668750 0.078125 0.093750
5 0.581250 0.667578 0.078125 0.122656
5 0.263281 0.890625 0.154688 0.193750
