8 0.554688 0.386328 0.046875 0.072656
5 0.494531 0.398047 0.035937 0.033594
5 0.363281 0.405859 0.045312 0.052344
5 0.616406 0.406250 0.048438 0.043750
5 0.489844 0.416016 0.032813 0.041406
5 0.572656 0.422266 0.039062 0.047656
5 0.498437 0.429297 0.037500 0.033594
5 0.283594 0.446875 0.048438 0.056250
5 0.503906 0.466797 0.045312 0.071094
6 0.735938 0.476172 0.125000 0.152344
5 0.333594 0.488672 0.054688 0.077344
5 0.633594 0.517188 0.067187 0.087500
6 0.073438 0.518750 0.146875 0.181250
5 0.521094 0.523438 0.057813 0.087500
5 0.235937 0.525391 0.068750 0.078906
5 0.843750 0.529687 0.071875 0.075000
8 0.809375 0.595703 0.096875 0.103906
5 0.560156 0.619141 0.079687 0.103906
5 0.917969 0.716016 0.117188 0.128906
5 0.771875 0.731641 0.115625 0.160156
5 0.088281 0.734766 0.123438 0.135156
5 0.653906 0.823438 0.132812 0.200000
8 0.900781 0.865625 0.198437 0.268750
