5 0.506250 0.419922 0.028125 0.039844
8 0.296094 0.428516 0.045312 0.066406
1 0.345313 0.434375 0.059375 0.087500
10 0.258594 0.451562 0.048438 0.043750
5 0.388281 0.471875 0.039062 0.043750
9 0.292969 0.493359 0.095312 0.127344
5 0.516406 0.496875 0.045312 0.062500
10 0.218750 0.499609 0.071875 0.108594
5 0.383594 0.501953 0.042188 0.041406
5 0.373437 0.541016 0.050000 0.060156
5 0.638281 0.555859 0.057813 0.089844
5 0.352344 0.587109 0.064062 0.064844
10 0.220312 0.617188 0.112500 0.150000
9 0.078125 0.637891 0.156250 0.278906
5 0.564844 0.647266 0.070312 0.110156
5 0.331250 0.648438 0.075000 0.100000
7 0.328906 0.718359 0.085938 0.127344
5 0.290625 0.840625 0.112500 0.150000
