10 0.297656 0.418359 0.054688 0.083594
1 0.549219 0.426953 0.054688 0.091406
5 0.595313 0.440234 0.031250 0.046094
8 0.335156 0.446484 0.045312 0.071094
5 0.398438 0.460547 0.034375 0.046094
10 0.242188 0.470313 0.078125 0.118750
5 0.200000 0.483984 0.037500 0.052344
5 0.656250 0.484375 0.056250 0.068750
5 0.315625 0.500000 0.046875 0.056250
5 0.375781 0.503125 0.039062 0.056250
5 0.607812 0.526953 0.056250 0.078906
5 0.528906 0.529687 0.045312 0.062500
5 0.732812 0.560937 0.078125 0.087500
10 0.262500 0.563672 0.103125 0.152344
5 0.064844 0.603516 0.085938 0.091406
5 0.144531 0.606641 0.070312 0.078906
5 0.353906 0.612500 0.067187 0.081250
5 0.703125 0.699609 0.096875 0.133594
5 0.270313 0.837891 0.118750 0.160156
5 0.079687 0.850000 0.140625 0.193750
