1 0.313281 0.378125 0.067187 0.106250
5 0.358594 0.426563 0.045312 0.056250
5 0.512500 0.454297 0.075000 0.058594
2 0.625000 0.499609 0.093750 0.139844
2 0.865625 0.514062 0.225000 0.168750
5 0.508594 0.517578 0.051562 0.072656
2 0.664062 0.544141 0.100000 0.178906
5 0.317969 0.548047 0.073438 0.096094
5 0.532813 0.565625 0.065625 0.062500
8 0.750781 0.625000 0.101562 0.150000
5 0.552344 0.665234 0.095312 0.127344
2 0.850000 0.700000 0.193750 0.343750
2 0.074219 0.762891 0.148438 0.291406
5 0.692969 0.809375 0.114062 0.231250
2 0.917969 0.825391 0.164062 0.347656
8 0.210938 0.928125 0.181250 0.143750
5 0.586719 0.929688 0.120313 0.140625
