9 0.627344 0.378125 0.057813 0.087500
5 0.492188 0.390625 0.034375 0.043750
3 0.571875 0.391016 0.071875 0.116406
5 0.371094 0.400000 0.035937 0.043750
5 0.250781 0.402734 0.042188 0.052344
5 0.507812 0.456641 0.050000 0.053906
9 0.712500 0.465234 0.115625 0.158594
11 0.616406 0.490234 0.067187 0.108594
5 0.528125 0.531250 0.059375 0.075000
5 0.850781 0.548828 0.070312 0.085156
10 0.689063 0.561328 0.125000 0.235156
5 0.305469 0.573438 0.079687 0.087500
5 0.586719 0.684766 0.095312 0.141406
10 0.853906 0.793359 0.217188 0.371094
