2 0.346094 0.325000 0.045312 0.081250
5 0.389062 0.351953 0.031250 0.041406
5 0.624219 0.375391 0.070312 0.110156
5 0.260937 0.382812 0.037500 0.043750
8 0.552344 0.387891 0.051562 0.091406
5 0.493750 0.403125 0.037500 0.050000
5 0.571875 0.424609 0.034375 0.052344
5 0.242188 0.430078 0.043750 0.047656
5 0.594531 0.453125 0.045312 0.075000
5 0.504687 0.464453 0.046875 0.066406
2 0.774219 0.488672 0.182812 0.252344
5 0.516406 0.498047 0.060937 0.083594
8 0.623437 0.512500 0.071875 0.131250
5 0.532031 0.531250 0.057813 0.087500
8 0.670312 0.543359 0.109375 0.208594
5 0.538281 0.634766 0.089063 0.166406
8 0.906250 0.634766 0.181250 0.266406
5 0.580469 0.740234 0.107813 0.171094
2 0.857812 0.753516 0.225000 0.428906
5 0.613281 0.862891 0.142187 0.222656
5 0.642188 0.948438 0.150000 0.103125
