8 0.328125 0.312500 0.053125 0.056250
8 0.355469 0.329688 0.048438 0.062500
8 0.325000 0.359766 0.040625 0.072656
5 0.385937 0.376172 0.040625 0.052344
2 0.257031 0.430859 0.101562 0.202344
5 0.508594 0.467578 0.064062 0.060156
5 0.353906 0.468359 0.054688 0.083594
5 0.532031 0.508984 0.082812 0.071094
5 0.774219 0.541016 0.057813 0.091406
2 0.685156 0.556250 0.167187 0.293750
5 0.543750 0.562109 0.075000 0.102344
5 0.564063 0.659375 0.090625 0.156250
2 0.870313 0.801562 0.259375 0.396875
5 0.650781 0.917188 0.189062 0.165625
