5 0.392969 0.321875 0.023438 0.025000
2 0.582031 0.328516 0.054688 0.072656
8 0.341406 0.331641 0.045312 0.072656
2 0.529687 0.340234 0.050000 0.096094
1 0.479687 0.343359 0.053125 0.083594
5 0.386719 0.351953 0.029687 0.028906
8 0.283594 0.371484 0.045312 0.077344
5 0.368750 0.390625 0.034375 0.037500
5 0.640625 0.403125 0.037500 0.075000
5 0.489844 0.403125 0.048438 0.056250
2 0.592187 0.428516 0.096875 0.160156
2 0.707812 0.453125 0.125000 0.162500
5 0.259375 0.455859 0.056250 0.064844
5 0.344531 0.501172 0.060937 0.077344
5 0.217969 0.512500 0.079687 0.118750
8 0.075781 0.554297 0.114062 0.133594
5 0.547656 0.591016 0.073438 0.116406
8 0.908594 0.612500 0.182812 0.193750
5 0.743750 0.662891 0.106250 0.160156
2 0.896875 0.817187 0.206250 0.365625
5 0.211719 0.847266 0.154688 0.185156
