5 0.392969 0.321875 0.023438 0.025000
2 0.582031 0.328516 0.054688 0.072656
8 0.341406 0.331641 0.045312 0.072656
2 0.529687 0.340234 0.050000 0.096094
1 0.479687 0.343359 0.053125 0.083594
5 0.386719 0.351953 0.029687 0.028906
8 0.291406 0.362891 0.042188 0.060156
5 0.378125 0.378125 0.034375 0.037500
5 0.640625 0.403125 0.037500 0.075000
5 0.489844 0.412500 0.048438 0.056250
5 0.272656 0.439063 0.045312 0.056250
2 0.600000 0.443359 0.096875 0.177344
2 0.718750 0.462109 0.121875 0.171094
5 0.356250 0.470313 0.053125 0.068750
5 0.235937 0.487500 0.062500 0.112500
8 0.120313 0.507812 0.106250 0.131250
8 0.908594 0.612500 0.182812 0.193750
5 0.560156 0.625391 0.085938 0.135156
5 0.267969 0.701562 0.117188 0.143750
5 0.775000 0.705078 0.115625 0.172656
2 0.896875 0.817187 0.206250 0.365625
