5 0.384375 0.347266 0.028125 0.035156
10 0.534375 0.362109 0.040625 0.064844
8 0.278906 0.367188 0.045312 0.062500
5 0.480469 0.376953 0.032813 0.041406
5 0.543750 0.403125 0.025000 0.037500
11 0.642188 0.416016 0.043750 0.066406
5 0.489844 0.419141 0.039062 0.060156
12 0.597656 0.434375 0.085938 0.137500
10 0.698438 0.466016 0.075000 0.085156
5 0.511719 0.481641 0.054688 0.066406
5 0.782813 0.572266 0.078125 0.097656
5 0.677344 0.593359 0.085938 0.102344
5 0.599219 0.698047 0.095312 0.146094
11 0.938281 0.700000 0.123438 0.237500
