10 0.550781 0.368750 0.051562 0.087500
10 0.311719 0.378516 0.045312 0.072656
5 0.370312 0.401562 0.043750 0.043750
5 0.487500 0.403516 0.034375 0.041406
2 0.189062 0.419141 0.118750 0.166406
9 0.696094 0.435547 0.095312 0.171094
5 0.275781 0.445312 0.048438 0.056250
5 0.499219 0.454688 0.051562 0.075000
5 0.348438 0.458203 0.046875 0.066406
12 0.628906 0.470313 0.135937 0.206250
5 0.528906 0.530859 0.064062 0.096094
8 0.178125 0.550391 0.090625 0.103906
7 0.261719 0.734375 0.132812 0.193750
5 0.080469 0.746484 0.114062 0.114844
