2 0.267969 0.350000 0.064062 0.087500
2 0.679688 0.430078 0.071875 0.147656
8 0.267969 0.433984 0.092188 0.133594
5 0.358594 0.440625 0.073438 0.112500
2 0.612500 0.439453 0.075000 0.153906
5 0.182031 0.476953 0.101562 0.116406
5 0.772656 0.477734 0.064062 0.083594
1 0.537500 0.489063 0.118750 0.193750
5 0.318750 0.580078 0.100000 0.135156
8 0.162500 0.596484 0.121875 0.164844
5 0.814063 0.605078 0.100000 0.160156
5 0.929688 0.619141 0.100000 0.116406
8 0.974219 0.754297 0.051562 0.258594
5 0.266406 0.828516 0.170313 0.197656
