1 0.353906 0.287500 0.035937 0.050000
5 0.396094 0.321875 0.029687 0.037500
1 0.467187 0.330859 0.043750 0.064844
1 0.516406 0.337500 0.051562 0.081250
5 0.469531 0.359375 0.026562 0.031250
5 0.375000 0.365625 0.034375 0.050000
1 0.546875 0.365234 0.062500 0.089844
2 0.600000 0.367188 0.062500 0.100000
5 0.479687 0.368750 0.034375 0.037500
5 0.333594 0.375000 0.035937 0.050000
5 0.239063 0.388672 0.075000 0.089844
5 0.480469 0.395313 0.032813 0.043750
5 0.488281 0.407813 0.032813 0.031250
5 0.553125 0.414062 0.040625 0.043750
5 0.629687 0.412891 0.031250 0.047656
2 0.695312 0.420312 0.128125 0.143750
5 0.497656 0.434375 0.051562 0.056250
5 0.582031 0.456641 0.051562 0.078906
5 0.610938 0.504687 0.062500 0.087500
5 0.521094 0.537500 0.067187 0.106250
1 0.813281 0.708984 0.310937 0.427344
5 0.589063 0.738672 0.125000 0.189844
