10 0.280469 0.437109 0.064062 0.096094
5 0.504687 0.445703 0.031250 0.041406
5 0.393750 0.446875 0.034375 0.043750
5 0.235156 0.458984 0.045312 0.039844
5 0.341406 0.459766 0.032813 0.041406
5 0.629687 0.477734 0.043750 0.046094
5 0.225000 0.487109 0.040625 0.046094
10 0.303906 0.498828 0.076563 0.110156
5 0.387500 0.501953 0.046875 0.053906
5 0.600781 0.523438 0.054688 0.062500
5 0.150000 0.530859 0.062500 0.052344
5 0.532813 0.535937 0.050000 0.075000
5 0.353125 0.576562 0.062500 0.081250
5 0.139063 0.583203 0.065625 0.078906
5 0.217188 0.634766 0.084375 0.103906
5 0.575000 0.685547 0.084375 0.158594
8 0.757812 0.723047 0.146875 0.233594
8 0.050000 0.725391 0.100000 0.203906
5 0.215625 0.751563 0.137500 0.131250
