5 0.375781 0.376563 0.035937 0.043750
2 0.632031 0.381250 0.076563 0.125000
8 0.315625 0.382812 0.046875 0.056250
2 0.565625 0.384766 0.075000 0.128906
2 0.207813 0.412891 0.087500 0.103906
1 0.507812 0.418750 0.084375 0.137500
8 0.285156 0.424609 0.064062 0.089844
5 0.721875 0.440234 0.053125 0.058594
5 0.363281 0.440625 0.048438 0.056250
2 0.223438 0.478125 0.093750 0.100000
5 0.704688 0.487891 0.068750 0.103906
8 0.860938 0.612500 0.118750 0.181250
8 0.132031 0.630078 0.132812 0.197656
5 0.282813 0.666016 0.103125 0.122656
5 0.621094 0.861328 0.142187 0.197656
