5 0.410156 0.412891 0.023438 0.035156
5 0.363281 0.432812 0.035937 0.043750
5 0.342969 0.461328 0.032813 0.035156
5 0.510938 0.465625 0.046875 0.050000
5 0.386719 0.487891 0.045312 0.072656
10 0.183594 0.528125 0.139063 0.137500
10 0.249219 0.541797 0.123438 0.196094
5 0.371094 0.545703 0.051562 0.066406
5 0.352344 0.599609 0.060937 0.071094
5 0.565625 0.630859 0.081250 0.133594
9 0.139844 0.660937 0.239063 0.325000
5 0.341406 0.668750 0.107813 0.150000
5 0.291406 0.762109 0.117188 0.164844
5 0.259375 0.910937 0.146875 0.178125
