8 0.283594 0.348828 0.042188 0.060156
5 0.370312 0.371875 0.034375 0.043750
2 0.547656 0.378516 0.067187 0.103906
5 0.599219 0.383203 0.039062 0.053906
8 0.628906 0.410938 0.048438 0.062500
5 0.490625 0.411328 0.037500 0.047656
5 0.585156 0.456250 0.051562 0.062500
5 0.669531 0.460547 0.060937 0.071094
5 0.526563 0.498047 0.059375 0.083594
8 0.755469 0.518750 0.095312 0.137500
8 0.085156 0.535547 0.104688 0.133594
5 0.300781 0.595703 0.085938 0.091406
5 0.690625 0.612500 0.100000 0.125000
5 0.551562 0.615625 0.081250 0.106250
5 0.664844 0.878125 0.170313 0.243750
