6 0.334375 0.355078 0.037500 0.047656
10 0.254688 0.358984 0.071875 0.089844
5 0.382031 0.377734 0.035937 0.039844
5 0.485938 0.386328 0.034375 0.047656
5 0.318750 0.391016 0.037500 0.041406
9 0.637500 0.394141 0.071875 0.135156
12 0.577344 0.415234 0.092188 0.146094
5 0.497656 0.428125 0.039062 0.062500
10 0.272656 0.436328 0.067187 0.122656
5 0.339062 0.498047 0.065625 0.071094
2 0.084375 0.533203 0.168750 0.291406
5 0.532813 0.571484 0.075000 0.102344
5 0.192188 0.574609 0.081250 0.102344
9 0.761719 0.602734 0.207813 0.333594
5 0.296094 0.633984 0.092188 0.114844
