5 0.400000 0.315625 0.028125 0.037500
5 0.362500 0.319141 0.031250 0.028906
8 0.304688 0.329688 0.056250 0.087500
5 0.382812 0.353125 0.040625 0.050000
2 0.537500 0.362109 0.062500 0.108594
5 0.638281 0.409766 0.042188 0.060156
5 0.357031 0.426953 0.054688 0.078906
8 0.578125 0.428125 0.084375 0.125000
5 0.682031 0.446875 0.057813 0.081250
5 0.515625 0.486328 0.068750 0.085156
5 0.774219 0.515234 0.073438 0.096094
5 0.627344 0.521875 0.070312 0.093750
5 0.538281 0.568359 0.079687 0.102344
2 0.888281 0.644922 0.223438 0.302344
5 0.572656 0.731250 0.114062 0.181250
5 0.196875 0.873437 0.162500 0.253125
5 0.859375 0.878516 0.200000 0.241406
