9 0.588281 0.351562 0.057813 0.081250
10 0.540625 0.369141 0.046875 0.091406
8 0.311719 0.369922 0.048438 0.077344
5 0.483594 0.383984 0.035937 0.046094
5 0.243750 0.406641 0.043750 0.053906
10 0.564844 0.409375 0.051562 0.100000
5 0.496875 0.434766 0.040625 0.066406
5 0.528906 0.452734 0.048438 0.039844
12 0.667188 0.454297 0.106250 0.096094
5 0.325781 0.515234 0.057813 0.071094
4 0.528125 0.535547 0.078125 0.146094
5 0.908594 0.594922 0.092188 0.114844
10 0.857812 0.651172 0.146875 0.189844
10 0.737500 0.666797 0.150000 0.246094
5 0.598437 0.699609 0.106250 0.164844
7 0.086719 0.712109 0.173437 0.283594
