5 0.505469 0.383984 0.032813 0.033594
9 0.321094 0.405859 0.048438 0.071094
5 0.494531 0.413672 0.032813 0.052344
10 0.282813 0.426172 0.056250 0.064844
5 0.353906 0.443750 0.039062 0.050000
10 0.223438 0.449609 0.096875 0.071094
5 0.396875 0.457422 0.040625 0.052344
5 0.317188 0.502734 0.031250 0.077344
5 0.380469 0.528516 0.064062 0.072656
10 0.252344 0.530078 0.123438 0.172656
5 0.357812 0.581250 0.065625 0.081250
9 0.157031 0.640234 0.232813 0.358594
5 0.332813 0.662109 0.096875 0.139844
5 0.036719 0.678516 0.073438 0.128906
5 0.296094 0.755078 0.117188 0.147656
10 0.071094 0.864062 0.142187 0.271875
5 0.261719 0.907813 0.145313 0.184375
