1 0.464062 0.337109 0.043750 0.064844
1 0.525781 0.337500 0.051562 0.081250
5 0.469531 0.359375 0.026562 0.031250
1 0.564844 0.390234 0.067187 0.108594
8 0.625000 0.390234 0.056250 0.083594
5 0.480469 0.395313 0.032813 0.043750
5 0.309375 0.396484 0.037500 0.046094
5 0.652344 0.436328 0.045312 0.060156
5 0.497656 0.438672 0.042188 0.064844
5 0.348438 0.453125 0.053125 0.068750
8 0.223438 0.490234 0.081250 0.096094
5 0.516406 0.491797 0.042188 0.071094
9 0.770312 0.493750 0.159375 0.212500
5 0.632812 0.526172 0.068750 0.089844
5 0.532031 0.570312 0.073438 0.118750
8 0.056250 0.578516 0.112500 0.166406
5 0.581250 0.699609 0.106250 0.146094
5 0.744531 0.709375 0.114062 0.162500
5 0.186719 0.951562 0.148438 0.096875
