9 0.607812 0.359766 0.053125 0.097656
12 0.552344 0.371875 0.070312 0.100000
10 0.227344 0.375391 0.076563 0.097656
6 0.320312 0.378125 0.043750 0.050000
5 0.482812 0.384766 0.034375 0.047656
5 0.365625 0.412891 0.040625 0.053906
5 0.289062 0.427734 0.046875 0.058594
5 0.502344 0.470703 0.048438 0.078906
9 0.665625 0.506250 0.131250 0.231250
10 0.220312 0.508203 0.093750 0.153906
2 0.037500 0.606641 0.075000 0.316406
9 0.904687 0.637109 0.190625 0.239844
5 0.296875 0.650000 0.093750 0.125000
10 0.857031 0.740625 0.195312 0.343750
5 0.592187 0.741797 0.103125 0.171094
5 0.065625 0.782422 0.131250 0.152344
5 0.190625 0.923438 0.175000 0.153125
