1 0.377344 0.296875 0.035937 0.056250
8 0.392188 0.340625 0.037500 0.037500
8 0.321094 0.343359 0.032813 0.046094
2 0.239844 0.378125 0.073438 0.075000
5 0.314844 0.382812 0.032813 0.043750
5 0.382031 0.383984 0.035937 0.052344
2 0.249219 0.468359 0.123438 0.152344
5 0.345313 0.484375 0.059375 0.075000
2 0.778125 0.503125 0.121875 0.150000
5 0.847656 0.510938 0.035937 0.062500
2 0.659375 0.550391 0.093750 0.191406
5 0.520312 0.565234 0.068750 0.114844
2 0.943750 0.582812 0.112500 0.168750
5 0.550781 0.619141 0.073438 0.110156
8 0.743750 0.633203 0.075000 0.141406
5 0.566406 0.726562 0.104688 0.181250
2 0.876563 0.768750 0.246875 0.462500
2 0.026562 0.822266 0.053125 0.353906
5 0.724219 0.875000 0.139063 0.231250
5 0.168750 0.932813 0.200000 0.134375
5 0.627344 0.973437 0.104688 0.053125
