1 0.510938 0.375391 0.018750 0.041406
5 0.544531 0.390234 0.020313 0.027344
5 0.521875 0.403125 0.021875 0.031250
5 0.565625 0.403516 0.025000 0.035156
5 0.489063 0.408984 0.018750 0.027344
5 0.417969 0.422266 0.017188 0.035156
5 0.590625 0.423828 0.028125 0.035156
5 0.534375 0.434766 0.021875 0.028906
10 0.282031 0.437500 0.064062 0.093750
8 0.345313 0.437109 0.040625 0.064844
5 0.389844 0.450000 0.032813 0.037500
5 0.567187 0.460938 0.025000 0.037500
8 0.323437 0.464062 0.043750 0.081250
5 0.503906 0.466016 0.026562 0.035156
10 0.219531 0.493359 0.098437 0.139844
5 0.389062 0.496484 0.034375 0.046094
8 0.664062 0.496875 0.053125 0.075000
5 0.354687 0.560547 0.050000 0.083594
5 0.539844 0.562109 0.057813 0.077344
5 0.100781 0.575000 0.085938 0.106250
5 0.725781 0.578516 0.067187 0.078906
5 0.664062 0.612500 0.059375 0.100000
10 0.215625 0.617188 0.140625 0.200000
5 0.069531 0.737891 0.089063 0.128906
5 0.313281 0.758203 0.095312 0.128906
5 0.926562 0.912500 0.146875 0.175000
