5 0.380469 0.400391 0.029687 0.035156
8 0.340625 0.403125 0.031250 0.037500
7 0.416406 0.412109 0.029687 0.033594
5 0.364844 0.421484 0.026562 0.033594
5 0.491406 0.431641 0.026562 0.041406
5 0.407031 0.434766 0.023438 0.028906
10 0.275781 0.447266 0.048438 0.072656
10 0.338281 0.462500 0.045312 0.075000
5 0.398438 0.475391 0.034375 0.041406
8 0.229687 0.485938 0.056250 0.075000
8 0.278125 0.519141 0.065625 0.103906
10 0.186719 0.525391 0.079687 0.116406
5 0.358594 0.598437 0.060937 0.075000
10 0.203125 0.647266 0.109375 0.166406
5 0.601562 0.717187 0.090625 0.150000
8 0.915625 0.756641 0.168750 0.153906
5 0.321875 0.758203 0.103125 0.128906
8 0.867969 0.859766 0.204687 0.278906
