5 0.385156 0.365625 0.035937 0.056250
5 0.321875 0.381250 0.034375 0.043750
11 0.619531 0.393750 0.042188 0.075000
5 0.364844 0.422266 0.039062 0.047656
2 0.185938 0.423438 0.118750 0.162500
5 0.505469 0.424609 0.045312 0.064844
5 0.283594 0.448437 0.045312 0.062500
5 0.350000 0.489063 0.050000 0.068750
5 0.624219 0.555078 0.067187 0.097656
2 0.142187 0.587109 0.171875 0.239844
5 0.278906 0.644922 0.095312 0.127344
10 0.762500 0.644141 0.153125 0.297656
11 0.908594 0.655859 0.123438 0.164844
4 0.587500 0.723437 0.100000 0.187500
10 0.904687 0.840234 0.190625 0.302344
