2 0.374219 0.299609 0.032813 0.052344
7 0.401562 0.309375 0.025000 0.031250
8 0.332031 0.315234 0.029687 0.046094
5 0.389844 0.334766 0.026562 0.035156
2 0.225781 0.384766 0.076563 0.110156
8 0.553125 0.387500 0.046875 0.087500
5 0.367969 0.391016 0.042188 0.053906
2 0.667188 0.401562 0.093750 0.143750
5 0.571094 0.424609 0.032813 0.052344
5 0.595313 0.447266 0.043750 0.066406
5 0.502344 0.462500 0.039062 0.062500
8 0.726562 0.480859 0.103125 0.152344
8 0.329688 0.483203 0.059375 0.078906
5 0.517188 0.495312 0.059375 0.081250
8 0.622656 0.509766 0.067187 0.135156
5 0.530469 0.534766 0.064062 0.085156
8 0.179688 0.542578 0.109375 0.147656
8 0.667969 0.549609 0.107813 0.202344
5 0.558594 0.576953 0.070312 0.103906
8 0.903125 0.619141 0.159375 0.228906
8 0.535937 0.623047 0.081250 0.158594
8 0.764844 0.650391 0.098437 0.160156
2 0.863281 0.733984 0.229687 0.389844
5 0.573438 0.742188 0.100000 0.175000
5 0.613281 0.862500 0.135937 0.206250
5 0.642969 0.950391 0.151562 0.097656
