9 0.350781 0.418359 0.051562 0.083594
12 0.296094 0.426563 0.067187 0.093750
8 0.597656 0.438672 0.039062 0.064844
5 0.398438 0.454688 0.034375 0.037500
5 0.325000 0.483984 0.043750 0.046094
5 0.195312 0.496484 0.046875 0.052344
8 0.242188 0.497266 0.062500 0.085156
5 0.383594 0.505859 0.042188 0.058594
5 0.524219 0.522266 0.051562 0.066406
7 0.365625 0.577734 0.059375 0.083594
8 0.156250 0.589063 0.090625 0.118750
5 0.217188 0.649609 0.084375 0.089844
5 0.573438 0.652734 0.071875 0.114844
10 0.752344 0.680859 0.170313 0.302344
5 0.339062 0.689453 0.084375 0.103906
5 0.069531 0.871484 0.129688 0.139844
5 0.678906 0.898438 0.151562 0.203125
5 0.250781 0.932813 0.142187 0.134375
