2 0.331250 0.340625 0.050000 0.087500
10 0.255469 0.358203 0.067187 0.091406
3 0.615625 0.373828 0.068750 0.110156
10 0.558594 0.403125 0.048438 0.093750
5 0.500781 0.424609 0.042188 0.058594
11 0.696094 0.468750 0.067187 0.106250
5 0.604688 0.472266 0.056250 0.072656
8 0.160156 0.487500 0.082812 0.100000
5 0.526563 0.541797 0.071875 0.096094
8 0.217969 0.544922 0.076563 0.102344
5 0.773438 0.568750 0.084375 0.118750
5 0.660156 0.592187 0.085938 0.112500
5 0.132031 0.743750 0.126562 0.143750
5 0.660937 0.846875 0.150000 0.225000
5 0.204687 0.903516 0.153125 0.191406
