9 0.250781 0.465234 0.073438 0.096094
9 0.589063 0.473438 0.084375 0.150000
5 0.328906 0.478516 0.035937 0.047656
5 0.378906 0.510938 0.045312 0.062500
8 0.689063 0.510938 0.075000 0.125000
5 0.298438 0.524609 0.043750 0.052344
9 0.162500 0.533984 0.137500 0.164844
5 0.532031 0.542188 0.045312 0.062500
5 0.372656 0.562109 0.051562 0.071094
5 0.263281 0.583203 0.067187 0.091406
5 0.335938 0.639453 0.068750 0.078906
5 0.622656 0.660937 0.079687 0.125000
10 0.103125 0.798438 0.206250 0.403125
5 0.285938 0.808984 0.125000 0.177344
