3 0.542188 0.362500 0.062500 0.087500
5 0.473438 0.364063 0.028125 0.031250
9 0.664062 0.392188 0.100000 0.112500
5 0.481250 0.393750 0.037500 0.043750
5 0.490625 0.435937 0.050000 0.062500
3 0.585156 0.435547 0.082812 0.158594
5 0.510156 0.462109 0.060937 0.039844
5 0.716406 0.490234 0.035937 0.064844
9 0.655469 0.500391 0.123438 0.228906
5 0.519531 0.516016 0.060937 0.085156
5 0.760938 0.525391 0.065625 0.072656
5 0.325000 0.534766 0.075000 0.097656
5 0.532031 0.560937 0.064062 0.087500
5 0.803125 0.576953 0.087500 0.103906
5 0.561719 0.592578 0.089063 0.135156
5 0.150000 0.615625 0.090625 0.100000
5 0.915625 0.682422 0.131250 0.152344
5 0.766406 0.722266 0.126562 0.166406
5 0.590625 0.740234 0.118750 0.164844
