8 0.300781 0.334375 0.035937 0.056250
5 0.385156 0.356641 0.039062 0.041406
2 0.321094 0.378125 0.054688 0.087500
5 0.614844 0.405078 0.035937 0.060156
11 0.569531 0.410938 0.051562 0.087500
5 0.493750 0.425391 0.043750 0.060156
5 0.639062 0.439063 0.040625 0.056250
10 0.693750 0.453125 0.084375 0.125000
5 0.517188 0.471875 0.053125 0.075000
5 0.628906 0.512109 0.067187 0.089844
9 0.839063 0.560547 0.209375 0.296094
10 0.696875 0.605859 0.106250 0.189844
5 0.558594 0.647266 0.079687 0.116406
5 0.267188 0.690625 0.093750 0.112500
8 0.913281 0.864062 0.173437 0.268750
