5 0.475000 0.371875 0.025000 0.025000
5 0.488281 0.400000 0.032813 0.037500
5 0.350000 0.450000 0.034375 0.062500
8 0.635156 0.478125 0.045312 0.081250
10 0.592187 0.482812 0.062500 0.106250
5 0.321875 0.483984 0.040625 0.058594
5 0.380469 0.500391 0.048438 0.053906
10 0.237500 0.546484 0.140625 0.171094
5 0.373437 0.553516 0.062500 0.091406
10 0.075000 0.580859 0.150000 0.139844
5 0.353125 0.600000 0.065625 0.075000
5 0.330469 0.667188 0.095312 0.137500
9 0.116406 0.745703 0.232813 0.416406
5 0.275000 0.762500 0.121875 0.156250
5 0.249219 0.906641 0.145313 0.172656
