1 0.380469 0.291797 0.035937 0.058594
8 0.328125 0.331250 0.050000 0.037500
5 0.386719 0.362500 0.045312 0.043750
2 0.259375 0.367578 0.068750 0.085156
5 0.325781 0.369141 0.035937 0.028906
5 0.360156 0.431641 0.051562 0.078906
2 0.279687 0.437500 0.100000 0.143750
8 0.685156 0.457422 0.085938 0.102344
8 0.507031 0.503125 0.070312 0.106250
2 0.794531 0.507422 0.129688 0.139844
8 0.617188 0.511328 0.071875 0.147656
8 0.907031 0.525000 0.064062 0.181250
5 0.873437 0.537500 0.065625 0.093750
8 0.668750 0.553125 0.093750 0.193750
5 0.521094 0.569141 0.057813 0.116406
2 0.955469 0.597266 0.089063 0.191406
5 0.550781 0.602734 0.082812 0.089844
8 0.082812 0.634766 0.143750 0.228906
8 0.749219 0.642578 0.085938 0.160156
5 0.271875 0.673828 0.121875 0.147656
5 0.566406 0.731250 0.110937 0.175000
2 0.859375 0.738672 0.209375 0.402344
2 0.925000 0.844141 0.150000 0.310156
5 0.732031 0.862891 0.198437 0.272656
