5 0.302344 0.417578 0.026562 0.035156
5 0.589844 0.433984 0.035937 0.046094
5 0.358594 0.435937 0.029687 0.037500
5 0.550781 0.437891 0.032813 0.053906
5 0.404687 0.440625 0.031250 0.037500
5 0.335938 0.468359 0.034375 0.052344
5 0.506250 0.473438 0.037500 0.050000
5 0.389844 0.484766 0.039062 0.047656
8 0.298438 0.487109 0.065625 0.096094
5 0.578125 0.487891 0.040625 0.047656
10 0.212500 0.494922 0.093750 0.127344
5 0.397656 0.515234 0.048438 0.064844
8 0.229687 0.592187 0.103125 0.137500
5 0.332813 0.621875 0.071875 0.100000
10 0.075781 0.628125 0.151562 0.231250
5 0.807813 0.659766 0.096875 0.128906
5 0.604688 0.695703 0.100000 0.141406
5 0.317188 0.724609 0.087500 0.114844
10 0.094531 0.828125 0.189062 0.343750
5 0.241406 0.923438 0.148438 0.153125
