9 0.599219 0.362500 0.060937 0.087500
5 0.279687 0.371484 0.037500 0.046094
10 0.549219 0.379688 0.048438 0.100000
5 0.487500 0.406250 0.037500 0.056250
10 0.576562 0.418359 0.059375 0.108594
5 0.358594 0.420703 0.045312 0.053906
5 0.506250 0.456641 0.046875 0.060156
12 0.693750 0.476562 0.112500 0.106250
5 0.552344 0.501172 0.064062 0.077344
7 0.214844 0.515625 0.089063 0.131250
4 0.547656 0.603516 0.092188 0.185156
10 0.925781 0.743750 0.148438 0.237500
10 0.827344 0.803516 0.201563 0.322656
5 0.646094 0.837109 0.142187 0.227344
