8 0.328125 0.332422 0.040625 0.064844
5 0.389062 0.353125 0.034375 0.043750
2 0.259375 0.367578 0.059375 0.097656
2 0.289844 0.405078 0.076563 0.097656
5 0.367969 0.412891 0.042188 0.053906
2 0.800781 0.494141 0.135937 0.110156
8 0.619531 0.506641 0.079687 0.122656
8 0.674219 0.557422 0.114062 0.202344
5 0.521875 0.567578 0.068750 0.097656
8 0.136719 0.571875 0.126562 0.212500
5 0.306250 0.584766 0.081250 0.110156
2 0.963281 0.600000 0.073438 0.156250
5 0.557031 0.633203 0.089063 0.128906
8 0.743750 0.637109 0.065625 0.171094
2 0.841406 0.706250 0.182812 0.337500
5 0.565625 0.734375 0.115625 0.162500
8 0.038281 0.749609 0.076563 0.246094
2 0.927344 0.841016 0.145313 0.316406
5 0.736719 0.887500 0.164062 0.218750
