5 0.319531 0.427734 0.029687 0.039844
5 0.353125 0.434766 0.031250 0.035156
5 0.490625 0.435937 0.028125 0.037500
5 0.400000 0.442578 0.031250 0.035156
8 0.290625 0.449609 0.046875 0.052344
5 0.581250 0.448828 0.040625 0.047656
5 0.334375 0.465625 0.037500 0.037500
5 0.510938 0.476172 0.037500 0.052344
5 0.399219 0.479687 0.039062 0.037500
5 0.319531 0.496875 0.042188 0.043750
8 0.591406 0.496484 0.054688 0.077344
5 0.229687 0.504297 0.046875 0.046094
5 0.378906 0.521875 0.045312 0.050000
5 0.304688 0.531641 0.040625 0.066406
5 0.372656 0.565625 0.045312 0.056250
10 0.106250 0.566797 0.153125 0.171094
8 0.244531 0.568750 0.092188 0.125000
5 0.380469 0.611328 0.064062 0.085156
8 0.196094 0.641016 0.117188 0.160156
10 0.035156 0.684375 0.070312 0.187500
5 0.312500 0.691016 0.090625 0.103906
5 0.293750 0.809375 0.100000 0.125000
5 0.641406 0.814453 0.114062 0.166406
10 0.091406 0.828516 0.182812 0.341406
5 0.228125 0.941016 0.150000 0.116406
