8 0.351562 0.431250 0.056250 0.062500
1 0.536719 0.469922 0.085938 0.127344
5 0.388281 0.471875 0.039062 0.043750
8 0.254688 0.475000 0.053125 0.087500
1 0.300000 0.487500 0.078125 0.125000
5 0.383594 0.501953 0.042188 0.041406
10 0.193750 0.513672 0.075000 0.077344
5 0.370312 0.544141 0.050000 0.060156
5 0.543750 0.566016 0.062500 0.091406
5 0.350781 0.596484 0.064062 0.064844
9 0.814063 0.612109 0.190625 0.233594
9 0.195312 0.616016 0.168750 0.216406
10 0.076563 0.623437 0.118750 0.175000
5 0.331250 0.654687 0.075000 0.100000
7 0.297656 0.801953 0.110937 0.166406
