8 0.318750 0.316016 0.031250 0.060156
8 0.350781 0.335938 0.035937 0.075000
8 0.317969 0.366016 0.032813 0.072656
5 0.374219 0.382422 0.035937 0.064844
5 0.510938 0.458984 0.071875 0.058594
2 0.237500 0.468359 0.146875 0.277344
5 0.532031 0.489453 0.057813 0.041406
5 0.337500 0.510547 0.056250 0.096094
5 0.766406 0.528125 0.054688 0.100000
5 0.541406 0.551172 0.085938 0.089844
2 0.671094 0.550391 0.154688 0.272656
2 0.913281 0.606641 0.173437 0.285156
5 0.563281 0.658984 0.095312 0.146094
2 0.866406 0.774609 0.267188 0.439844
5 0.646094 0.896875 0.170313 0.206250
