5 0.331250 0.385547 0.031250 0.033594
5 0.560156 0.402734 0.029687 0.039844
5 0.372656 0.412109 0.029687 0.039844
5 0.533594 0.423047 0.029687 0.046094
5 0.410938 0.424609 0.028125 0.033594
5 0.400781 0.437891 0.032813 0.041406
5 0.496875 0.437891 0.037500 0.047656
5 0.353125 0.446875 0.025000 0.050000
8 0.331250 0.462500 0.059375 0.087500
10 0.232813 0.470313 0.106250 0.118750
5 0.406250 0.471875 0.046875 0.062500
5 0.628125 0.508984 0.059375 0.077344
5 0.532031 0.521484 0.060937 0.077344
8 0.285938 0.523047 0.081250 0.121094
5 0.359375 0.543750 0.071875 0.087500
10 0.128906 0.572266 0.170313 0.203906
5 0.349219 0.615625 0.076563 0.093750
5 0.035156 0.642188 0.070312 0.087500
5 0.032813 0.742578 0.065625 0.122656
5 0.770312 0.750391 0.140625 0.210156
10 0.112500 0.775000 0.225000 0.306250
5 0.923438 0.784766 0.153125 0.185156
5 0.283594 0.790234 0.120313 0.183594
