8 0.333594 0.405859 0.032813 0.039844
5 0.483594 0.409375 0.026562 0.037500
5 0.367188 0.418359 0.028125 0.039844
5 0.534375 0.422266 0.028125 0.035156
5 0.412500 0.423047 0.025000 0.033594
5 0.287500 0.440234 0.031250 0.039844
5 0.345313 0.453516 0.034375 0.041406
5 0.396094 0.468750 0.035937 0.043750
5 0.514062 0.475000 0.043750 0.056250
5 0.639062 0.484766 0.050000 0.060156
5 0.325000 0.489063 0.037500 0.056250
10 0.192188 0.512500 0.096875 0.143750
5 0.380469 0.514062 0.042188 0.056250
8 0.283594 0.515625 0.070312 0.106250
5 0.393750 0.548438 0.050000 0.075000
8 0.201563 0.633203 0.115625 0.166406
5 0.576562 0.641016 0.081250 0.122656
10 0.058594 0.644141 0.117188 0.216406
5 0.323437 0.646484 0.078125 0.096094
5 0.725000 0.685547 0.100000 0.108594
5 0.896875 0.721875 0.121875 0.131250
5 0.296094 0.789453 0.101562 0.128906
10 0.092969 0.828516 0.185938 0.341406
5 0.228906 0.937891 0.154688 0.122656
