8 0.389062 0.353516 0.034375 0.047656
8 0.312500 0.358203 0.043750 0.066406
5 0.231250 0.396875 0.090625 0.093750
5 0.310156 0.406250 0.045312 0.056250
5 0.375781 0.406250 0.039062 0.056250
2 0.771094 0.497266 0.142187 0.160156
2 0.210156 0.528516 0.164062 0.222656
8 0.669531 0.549609 0.107813 0.208594
5 0.330469 0.553516 0.082812 0.103906
5 0.517188 0.571484 0.078125 0.108594
2 0.925781 0.574609 0.148438 0.171094
5 0.553125 0.621484 0.093750 0.114844
2 0.855469 0.685547 0.226562 0.296094
5 0.565625 0.716016 0.112500 0.166406
2 0.910156 0.832812 0.179688 0.334375
5 0.725781 0.872266 0.176563 0.253906
5 0.618750 0.950000 0.150000 0.100000
