5 0.378906 0.398047 0.026562 0.033594
5 0.414844 0.408203 0.023438 0.028906
5 0.487500 0.419922 0.025000 0.039844
10 0.358594 0.421875 0.039062 0.056250
10 0.310156 0.423828 0.039062 0.060156
9 0.546094 0.423828 0.051562 0.085156
5 0.407031 0.441016 0.032813 0.035156
8 0.267188 0.452734 0.043750 0.064844
5 0.628906 0.467187 0.039062 0.050000
8 0.320312 0.471484 0.053125 0.083594
10 0.235937 0.480078 0.059375 0.097656
5 0.517188 0.482422 0.037500 0.052344
5 0.375781 0.538672 0.048438 0.064844
10 0.275781 0.543750 0.070312 0.112500
5 0.347656 0.642578 0.076563 0.097656
9 0.071875 0.645312 0.143750 0.243750
5 0.571094 0.654687 0.082812 0.125000
5 0.208594 0.708984 0.101562 0.102344
5 0.265625 0.917188 0.150000 0.165625
