9 0.586719 0.350391 0.048438 0.078906
10 0.538281 0.359766 0.048438 0.085156
5 0.478906 0.381641 0.039062 0.041406
8 0.297656 0.393359 0.060937 0.089844
10 0.558594 0.393359 0.048438 0.083594
5 0.496094 0.419922 0.042188 0.052344
12 0.652344 0.431641 0.098437 0.091406
5 0.214844 0.431641 0.048438 0.047656
5 0.521094 0.439453 0.045312 0.041406
4 0.519531 0.507422 0.070312 0.127344
5 0.836719 0.529687 0.079687 0.087500
10 0.697656 0.609375 0.126562 0.206250
10 0.827344 0.614453 0.129688 0.178906
5 0.289844 0.623828 0.089063 0.097656
5 0.950781 0.629687 0.098437 0.137500
5 0.571094 0.643750 0.098437 0.150000
5 0.885938 0.884375 0.171875 0.231250
