5 0.401562 0.304688 0.021875 0.025000
2 0.572656 0.309766 0.057813 0.066406
8 0.325000 0.312500 0.031250 0.050000
5 0.365625 0.319141 0.034375 0.041406
6 0.515625 0.339453 0.053125 0.066406
5 0.475000 0.343750 0.034375 0.031250
5 0.473438 0.368750 0.034375 0.037500
5 0.375000 0.381641 0.043750 0.053906
5 0.481250 0.389062 0.040625 0.056250
2 0.571875 0.393750 0.093750 0.162500
5 0.628906 0.423047 0.048438 0.071094
1 0.690625 0.428125 0.100000 0.168750
5 0.498437 0.451562 0.050000 0.068750
5 0.532813 0.543359 0.081250 0.108594
6 0.837500 0.576953 0.168750 0.203906
5 0.587500 0.703125 0.115625 0.156250
5 0.792188 0.751172 0.137500 0.164844
5 0.169531 0.906641 0.176563 0.185156
