10 0.545312 0.358984 0.043750 0.083594
10 0.305469 0.384766 0.045312 0.072656
5 0.484375 0.394141 0.034375 0.041406
5 0.367188 0.421875 0.043750 0.043750
9 0.685156 0.428125 0.082812 0.150000
2 0.162500 0.428516 0.131250 0.178906
5 0.496094 0.436328 0.042188 0.060156
12 0.624219 0.454688 0.126562 0.175000
5 0.263281 0.459375 0.048438 0.056250
5 0.342187 0.482812 0.053125 0.068750
5 0.521094 0.502734 0.057813 0.083594
8 0.145313 0.576953 0.090625 0.103906
5 0.611719 0.837109 0.123438 0.202344
7 0.225781 0.842187 0.167187 0.250000
5 0.047656 0.841016 0.095312 0.141406
