9 0.342187 0.418750 0.062500 0.087500
5 0.400781 0.439063 0.029687 0.031250
5 0.396094 0.461328 0.035937 0.035156
5 0.510938 0.475000 0.040625 0.050000
8 0.264844 0.476172 0.054688 0.077344
5 0.387500 0.478516 0.034375 0.047656
10 0.305469 0.485547 0.064062 0.083594
8 0.214062 0.507422 0.062500 0.064844
5 0.378906 0.526953 0.042188 0.053906
8 0.145313 0.567578 0.100000 0.110156
5 0.353906 0.603516 0.064062 0.078906
1 0.199219 0.625391 0.173437 0.228906
5 0.311719 0.722266 0.092188 0.103906
5 0.239063 0.923438 0.165625 0.153125
