9 0.635156 0.450000 0.054688 0.081250
10 0.331250 0.450000 0.056250 0.062500
5 0.503125 0.456641 0.037500 0.060156
1 0.584375 0.470703 0.075000 0.116406
5 0.388281 0.471875 0.039062 0.043750
8 0.216406 0.502734 0.064062 0.096094
5 0.383594 0.501953 0.042188 0.041406
1 0.280469 0.524609 0.104688 0.146094
5 0.536719 0.534766 0.048438 0.072656
5 0.370312 0.550391 0.050000 0.066406
10 0.146094 0.559375 0.095312 0.100000
10 0.667188 0.571875 0.106250 0.162500
5 0.338281 0.619922 0.070312 0.077344
5 0.312500 0.708984 0.087500 0.108594
9 0.116406 0.770703 0.232813 0.353906
5 0.617188 0.814453 0.109375 0.191406
