5 0.398438 0.325000 0.028125 0.037500
5 0.354687 0.333203 0.031250 0.028906
8 0.289062 0.340625 0.056250 0.087500
5 0.381250 0.362500 0.040625 0.050000
2 0.535937 0.363672 0.059375 0.102344
5 0.630469 0.405078 0.042188 0.060156
8 0.578125 0.428125 0.084375 0.125000
5 0.674219 0.440625 0.057813 0.081250
5 0.341406 0.469141 0.079687 0.128906
5 0.515625 0.486328 0.068750 0.085156
5 0.616406 0.493750 0.070312 0.093750
5 0.752344 0.493359 0.073438 0.096094
5 0.532031 0.549609 0.079687 0.102344
2 0.878906 0.613672 0.242188 0.302344
5 0.566406 0.695312 0.114062 0.181250
5 0.825000 0.823438 0.178125 0.225000
5 0.666406 0.931641 0.189062 0.135156
