10 0.305469 0.412109 0.048438 0.077344
5 0.404687 0.432812 0.028125 0.043750
8 0.339844 0.440234 0.042188 0.058594
10 0.262500 0.456250 0.078125 0.118750
5 0.385156 0.472266 0.035937 0.047656
5 0.327344 0.477734 0.035937 0.046094
5 0.642188 0.487891 0.040625 0.053906
1 0.596094 0.493359 0.089063 0.139844
10 0.281250 0.539062 0.087500 0.131250
5 0.140625 0.541016 0.065625 0.072656
5 0.182031 0.563672 0.060937 0.064844
5 0.737500 0.571875 0.081250 0.087500
5 0.368750 0.575391 0.059375 0.072656
5 0.040625 0.712891 0.081250 0.141406
5 0.310156 0.717578 0.095312 0.122656
5 0.601562 0.745313 0.100000 0.168750
5 0.131250 0.762500 0.115625 0.156250
5 0.930469 0.765625 0.139063 0.162500
5 0.775000 0.767578 0.128125 0.185156
