3 0.540625 0.362500 0.062500 0.087500
5 0.473438 0.364063 0.028125 0.031250
9 0.661719 0.387891 0.095312 0.110156
5 0.481250 0.393750 0.037500 0.043750
5 0.490625 0.435937 0.050000 0.062500
3 0.585156 0.435547 0.082812 0.158594
5 0.509375 0.453125 0.043750 0.037500
5 0.264062 0.457813 0.050000 0.068750
5 0.716406 0.490234 0.035937 0.064844
5 0.330469 0.497266 0.060937 0.072656
9 0.655469 0.500391 0.123438 0.228906
5 0.514844 0.506250 0.064062 0.087500
5 0.760938 0.525391 0.065625 0.072656
5 0.551562 0.573047 0.096875 0.121094
5 0.797656 0.578516 0.070312 0.097656
5 0.867969 0.637500 0.110937 0.137500
5 0.728906 0.668750 0.104688 0.150000
5 0.567187 0.685937 0.106250 0.150000
5 0.957031 0.765234 0.085938 0.139844
5 0.235156 0.824609 0.132812 0.189844
5 0.638281 0.903125 0.145313 0.193750
