10 0.328125 0.399609 0.034375 0.058594
10 0.362500 0.412891 0.037500 0.053906
9 0.280469 0.425000 0.070312 0.100000
5 0.406250 0.438672 0.028125 0.039844
5 0.396875 0.475391 0.037500 0.041406
12 0.201563 0.508984 0.115625 0.171094
9 0.271094 0.524609 0.092188 0.164844
5 0.367969 0.537891 0.051562 0.053906
5 0.104688 0.571875 0.065625 0.062500
5 0.349219 0.595313 0.064062 0.081250
8 0.063281 0.691016 0.126562 0.172656
7 0.329688 0.706250 0.087500 0.125000
5 0.137500 0.793359 0.125000 0.133594
5 0.294531 0.835547 0.114062 0.146094
10 0.882812 0.849609 0.234375 0.296094
