2 0.245312 0.386328 0.075000 0.085156
5 0.376563 0.394141 0.031250 0.072656
2 0.596094 0.412109 0.076563 0.139844
2 0.656250 0.412891 0.084375 0.141406
5 0.717187 0.440625 0.046875 0.075000
1 0.523438 0.466016 0.103125 0.191406
5 0.334375 0.498437 0.078125 0.087500
8 0.224219 0.505078 0.089063 0.160156
5 0.821875 0.530859 0.071875 0.102344
5 0.754687 0.546484 0.109375 0.146094
5 0.110156 0.550000 0.101562 0.118750
8 0.937500 0.725391 0.125000 0.303906
8 0.067969 0.826562 0.132812 0.268750
5 0.242969 0.828516 0.164062 0.191406
