8 0.321875 0.414453 0.034375 0.041406
5 0.492188 0.417578 0.028125 0.035156
5 0.367969 0.419141 0.029687 0.035156
7 0.407031 0.437109 0.029687 0.039844
8 0.598437 0.437500 0.037500 0.050000
5 0.346875 0.452734 0.031250 0.039844
8 0.575000 0.465625 0.046875 0.068750
5 0.397656 0.473828 0.035937 0.047656
10 0.238281 0.481250 0.060937 0.087500
10 0.304688 0.496875 0.059375 0.087500
5 0.387500 0.517188 0.043750 0.050000
8 0.185156 0.520703 0.070312 0.091406
5 0.525781 0.521875 0.045312 0.068750
10 0.109375 0.600391 0.106250 0.160156
8 0.210938 0.615234 0.100000 0.139844
5 0.328125 0.715625 0.084375 0.112500
