8 0.353906 0.335938 0.039062 0.050000
8 0.289844 0.337109 0.035937 0.064844
5 0.470313 0.353125 0.034375 0.037500
2 0.560156 0.376563 0.070312 0.131250
5 0.478125 0.381641 0.034375 0.041406
5 0.617969 0.401953 0.039062 0.053906
1 0.672656 0.409766 0.079687 0.116406
5 0.491406 0.427734 0.035937 0.052344
5 0.339062 0.473438 0.056250 0.075000
5 0.511719 0.486328 0.057813 0.072656
6 0.778125 0.517578 0.128125 0.147656
5 0.673438 0.585547 0.078125 0.096094
5 0.547656 0.589453 0.073438 0.091406
5 0.631250 0.895312 0.140625 0.209375
