3 0.534375 0.359375 0.062500 0.087500
5 0.473438 0.364063 0.028125 0.031250
9 0.660937 0.387500 0.100000 0.112500
5 0.481250 0.393750 0.037500 0.043750
5 0.346094 0.425391 0.045312 0.053906
5 0.285156 0.426172 0.042188 0.064844
5 0.490625 0.435937 0.050000 0.062500
3 0.585156 0.435547 0.082812 0.158594
5 0.509375 0.453125 0.043750 0.037500
5 0.716406 0.490234 0.035937 0.064844
9 0.655469 0.500391 0.123438 0.228906
5 0.514844 0.506250 0.064062 0.087500
5 0.760938 0.525391 0.065625 0.072656
5 0.794531 0.555859 0.067187 0.058594
5 0.551562 0.573047 0.096875 0.121094
5 0.310937 0.587500 0.081250 0.106250
5 0.132031 0.605078 0.092188 0.097656
5 0.693750 0.615625 0.087500 0.137500
5 0.559375 0.656250 0.096875 0.118750
5 0.935937 0.712500 0.100000 0.156250
5 0.580469 0.755859 0.117188 0.171094
12 0.856250 0.769922 0.259375 0.402344
5 0.632031 0.868359 0.139063 0.208594
