1 0.352344 0.424609 0.057813 0.077344
8 0.307031 0.428516 0.045312 0.066406
5 0.501563 0.444141 0.028125 0.041406
5 0.396094 0.453125 0.039062 0.043750
9 0.315625 0.466016 0.081250 0.103906
10 0.247656 0.480078 0.060937 0.097656
5 0.389844 0.498437 0.042188 0.050000
5 0.532813 0.504687 0.046875 0.062500
5 0.373437 0.541016 0.050000 0.060156
10 0.262500 0.558203 0.090625 0.116406
9 0.115625 0.568750 0.178125 0.225000
5 0.352344 0.587109 0.064062 0.064844
5 0.331250 0.648438 0.075000 0.100000
7 0.328906 0.718359 0.085938 0.127344
5 0.633594 0.818750 0.126562 0.212500
5 0.290625 0.840625 0.112500 0.150000
5 0.889062 0.882812 0.162500 0.234375
