2 0.332813 0.305859 0.031250 0.046094
8 0.360938 0.321484 0.031250 0.052344
8 0.578906 0.323828 0.054688 0.060156
8 0.396875 0.332813 0.021875 0.031250
2 0.528906 0.357812 0.054688 0.093750
8 0.596875 0.363672 0.059375 0.077344
8 0.275781 0.375391 0.048438 0.072656
2 0.555469 0.390625 0.048438 0.093750
8 0.640625 0.402734 0.059375 0.089844
5 0.492188 0.403516 0.034375 0.016406
5 0.571094 0.424609 0.039062 0.046094
5 0.502344 0.426172 0.035937 0.027344
8 0.690625 0.435547 0.081250 0.121094
5 0.593750 0.436328 0.040625 0.047656
5 0.505469 0.448437 0.035937 0.025000
5 0.510938 0.459766 0.034375 0.022656
2 0.338281 0.459766 0.070312 0.103906
8 0.244531 0.471484 0.057813 0.083594
8 0.515625 0.507812 0.062500 0.093750
8 0.622656 0.516016 0.064062 0.135156
8 0.795312 0.544922 0.121875 0.089844
8 0.670312 0.546875 0.109375 0.200000
5 0.539844 0.608984 0.076563 0.114844
2 0.941406 0.615234 0.117188 0.127344
8 0.750000 0.634375 0.084375 0.137500
2 0.851562 0.703125 0.228125 0.343750
5 0.582812 0.742578 0.103125 0.172656
2 0.919531 0.845313 0.160938 0.309375
5 0.642188 0.934766 0.137500 0.128906
