9 0.372656 0.394141 0.042188 0.066406
12 0.324219 0.400000 0.045312 0.068750
5 0.404687 0.431250 0.034375 0.037500
5 0.355469 0.438672 0.032813 0.039844
5 0.394531 0.458984 0.032813 0.039844
8 0.285156 0.459766 0.048438 0.066406
10 0.603906 0.489063 0.060937 0.106250
8 0.226562 0.514453 0.065625 0.078906
7 0.382031 0.528516 0.042188 0.060156
5 0.285938 0.539062 0.053125 0.056250
5 0.362500 0.600000 0.065625 0.081250
5 0.228906 0.619922 0.067187 0.064844
10 0.065625 0.645703 0.131250 0.166406
5 0.200781 0.709375 0.095312 0.106250
5 0.304688 0.770703 0.106250 0.116406
