8 0.337500 0.404687 0.031250 0.037500
5 0.372656 0.405078 0.029687 0.035156
7 0.411719 0.421484 0.029687 0.033594
5 0.357031 0.430859 0.026562 0.033594
5 0.406250 0.444922 0.031250 0.039844
10 0.271094 0.450391 0.048438 0.072656
10 0.328906 0.468750 0.045312 0.075000
5 0.393750 0.486328 0.040625 0.047656
8 0.223438 0.491797 0.062500 0.083594
8 0.267188 0.534766 0.081250 0.110156
10 0.169531 0.540625 0.089063 0.125000
5 0.548438 0.575000 0.065625 0.093750
8 0.775781 0.612891 0.110937 0.110156
5 0.353125 0.627734 0.065625 0.083594
8 0.729688 0.682422 0.115625 0.189844
10 0.174219 0.691016 0.126562 0.185156
5 0.311719 0.796875 0.114062 0.143750
