1 0.334375 0.444141 0.062500 0.097656
5 0.558594 0.444922 0.032813 0.052344
8 0.280469 0.447266 0.051562 0.072656
5 0.503125 0.450391 0.034375 0.047656
10 0.243750 0.467187 0.059375 0.062500
5 0.388281 0.471875 0.039062 0.043750
5 0.383594 0.501953 0.042188 0.041406
10 0.177344 0.528125 0.082812 0.131250
9 0.267969 0.528516 0.107813 0.135156
8 0.725781 0.539453 0.092188 0.116406
5 0.373437 0.541016 0.050000 0.060156
5 0.352344 0.587109 0.064062 0.064844
5 0.567187 0.631641 0.078125 0.116406
12 0.717969 0.643750 0.198437 0.287500
5 0.331250 0.648438 0.075000 0.100000
10 0.153906 0.709375 0.157812 0.218750
7 0.323437 0.726562 0.093750 0.131250
5 0.621875 0.859766 0.134375 0.216406
5 0.278906 0.890234 0.132812 0.171094
