2 0.355469 0.312500 0.045312 0.068750
5 0.399219 0.312891 0.023438 0.041406
5 0.524219 0.343750 0.029687 0.037500
8 0.313281 0.373828 0.060937 0.085156
5 0.523438 0.393359 0.050000 0.064844
8 0.365625 0.400000 0.053125 0.081250
8 0.588281 0.405859 0.054688 0.096094
5 0.476562 0.425000 0.034375 0.050000
5 0.503125 0.459766 0.056250 0.066406
8 0.630469 0.493750 0.054688 0.112500
5 0.513281 0.508203 0.060937 0.103906
5 0.829688 0.524609 0.062500 0.083594
8 0.685937 0.528125 0.112500 0.218750
5 0.552344 0.582422 0.107813 0.127344
5 0.295312 0.588672 0.078125 0.102344
5 0.570312 0.672266 0.109375 0.172656
2 0.803125 0.686328 0.281250 0.422656
5 0.628125 0.881641 0.150000 0.235156
