8 0.342187 0.293359 0.028125 0.046094
2 0.580469 0.309766 0.057813 0.066406
5 0.368750 0.315234 0.034375 0.046094
5 0.389062 0.339453 0.031250 0.041406
5 0.475000 0.343750 0.034375 0.031250
6 0.521875 0.347266 0.053125 0.066406
5 0.473438 0.368750 0.034375 0.037500
5 0.482812 0.401562 0.040625 0.056250
2 0.588281 0.412109 0.104688 0.183594
5 0.642969 0.430859 0.048438 0.071094
1 0.717187 0.460547 0.131250 0.183594
5 0.509375 0.483984 0.059375 0.083594
5 0.300000 0.550000 0.087500 0.112500
8 0.027344 0.600391 0.054688 0.135156
5 0.556250 0.612500 0.093750 0.125000
6 0.899219 0.634375 0.201563 0.225000
5 0.073438 0.764453 0.146875 0.178906
5 0.635938 0.856250 0.140625 0.218750
5 0.967187 0.959766 0.065625 0.078906
