3 0.588281 0.331250 0.045312 0.043750
3 0.540625 0.368359 0.056250 0.089844
5 0.477344 0.373828 0.029687 0.035156
9 0.662500 0.387500 0.100000 0.112500
5 0.488281 0.405859 0.042188 0.058594
5 0.364844 0.407813 0.042188 0.056250
5 0.288281 0.415625 0.039062 0.056250
3 0.585156 0.435547 0.082812 0.158594
5 0.501563 0.450000 0.050000 0.062500
5 0.510156 0.462109 0.060937 0.039844
5 0.519531 0.516016 0.060937 0.085156
9 0.679688 0.523828 0.143750 0.247656
5 0.769531 0.537109 0.073438 0.077344
5 0.532031 0.560937 0.064062 0.087500
5 0.830469 0.610938 0.095312 0.112500
5 0.579688 0.660547 0.103125 0.171094
5 0.958594 0.751172 0.082812 0.189844
5 0.869531 0.868750 0.176563 0.225000
5 0.639844 0.879297 0.142187 0.221094
