8 0.338281 0.398438 0.026562 0.037500
8 0.308594 0.427734 0.035937 0.046094
5 0.355469 0.428516 0.029687 0.035156
7 0.402344 0.444922 0.029687 0.039844
5 0.329688 0.452734 0.028125 0.027344
5 0.393750 0.480078 0.037500 0.047656
5 0.332031 0.481641 0.035937 0.041406
10 0.217188 0.499609 0.065625 0.096094
10 0.721875 0.527734 0.100000 0.152344
5 0.379688 0.541016 0.050000 0.060156
10 0.275000 0.541797 0.071875 0.108594
8 0.152344 0.551953 0.092188 0.103906
10 0.060156 0.652734 0.120313 0.189844
8 0.137500 0.721484 0.143750 0.183594
5 0.303125 0.808203 0.109375 0.141406
