10 0.288281 0.430859 0.064062 0.096094
5 0.507031 0.439063 0.032813 0.043750
5 0.391406 0.442188 0.026562 0.037500
5 0.341406 0.459766 0.032813 0.041406
5 0.239844 0.462891 0.035937 0.041406
5 0.390625 0.486328 0.040625 0.047656
10 0.317188 0.487500 0.071875 0.100000
5 0.192188 0.494922 0.053125 0.052344
5 0.525000 0.504687 0.043750 0.062500
5 0.368750 0.537891 0.053125 0.066406
5 0.175781 0.551562 0.064062 0.081250
5 0.712500 0.557813 0.062500 0.068750
5 0.235937 0.602734 0.071875 0.096094
5 0.690625 0.653125 0.093750 0.118750
8 0.073438 0.656641 0.143750 0.172656
5 0.289062 0.665234 0.096875 0.102344
5 0.584375 0.687500 0.078125 0.131250
