10 0.354687 0.372266 0.031250 0.047656
9 0.510938 0.374609 0.028125 0.052344
5 0.474219 0.378125 0.014063 0.025000
5 0.479687 0.398438 0.018750 0.025000
8 0.328906 0.401562 0.032813 0.043750
8 0.364844 0.406250 0.029687 0.043750
5 0.400000 0.407813 0.025000 0.018750
5 0.492969 0.425391 0.023438 0.028906
5 0.398438 0.428516 0.028125 0.028906
5 0.308594 0.430859 0.026562 0.033594
5 0.274219 0.433984 0.032813 0.033594
10 0.349219 0.435937 0.035937 0.062500
5 0.403125 0.449609 0.031250 0.033594
5 0.275000 0.465625 0.031250 0.037500
5 0.334375 0.465234 0.037500 0.052344
5 0.392188 0.469141 0.034375 0.041406
5 0.378125 0.494922 0.037500 0.052344
9 0.197656 0.506250 0.104688 0.131250
5 0.303125 0.512500 0.046875 0.056250
5 0.371875 0.521875 0.046875 0.062500
5 0.267188 0.580859 0.059375 0.064844
9 0.078906 0.634766 0.157812 0.222656
5 0.342969 0.666016 0.073438 0.097656
5 0.186719 0.723047 0.098437 0.133594
5 0.257812 0.868359 0.118750 0.146094
