5 0.382812 0.362891 0.031250 0.035156
5 0.478125 0.376563 0.034375 0.043750
11 0.261719 0.381250 0.045312 0.062500
5 0.317188 0.382812 0.034375 0.043750
5 0.549219 0.393750 0.035937 0.050000
11 0.621875 0.398047 0.046875 0.083594
11 0.214062 0.410938 0.050000 0.100000
5 0.372656 0.409766 0.039062 0.041406
5 0.492969 0.419922 0.039062 0.052344
5 0.588281 0.441016 0.048438 0.072656
11 0.286719 0.451172 0.042188 0.064844
5 0.355469 0.460547 0.048438 0.071094
5 0.692187 0.477734 0.059375 0.077344
11 0.233594 0.479687 0.082812 0.125000
5 0.521094 0.508984 0.064062 0.102344
11 0.656250 0.525000 0.075000 0.125000
11 0.075781 0.541016 0.117188 0.141406
5 0.551562 0.611328 0.078125 0.122656
