8 0.296094 0.431641 0.051562 0.072656
1 0.342187 0.433203 0.062500 0.091406
5 0.499219 0.457422 0.035937 0.039844
10 0.254688 0.460938 0.059375 0.062500
5 0.388281 0.471875 0.039062 0.043750
5 0.598437 0.497266 0.046875 0.072656
10 0.209375 0.502734 0.071875 0.108594
5 0.383594 0.501953 0.042188 0.041406
9 0.283594 0.504297 0.092188 0.133594
5 0.529687 0.534375 0.046875 0.062500
5 0.373437 0.541016 0.050000 0.060156
5 0.352344 0.587109 0.064062 0.064844
10 0.196875 0.642188 0.140625 0.187500
5 0.331250 0.648438 0.075000 0.100000
9 0.067187 0.676172 0.134375 0.327344
7 0.329688 0.726562 0.093750 0.131250
5 0.293750 0.847266 0.115625 0.166406
12 0.898438 0.871875 0.203125 0.256250
