5 0.314063 0.427734 0.037500 0.046094
5 0.350781 0.443750 0.035937 0.037500
10 0.566406 0.445312 0.048438 0.081250
5 0.407813 0.450000 0.034375 0.037500
5 0.614062 0.456641 0.037500 0.041406
5 0.262500 0.469922 0.037500 0.039844
5 0.328125 0.481641 0.037500 0.041406
5 0.384375 0.503125 0.040625 0.050000
5 0.311719 0.507812 0.042188 0.056250
5 0.521094 0.515625 0.045312 0.062500
8 0.689844 0.521875 0.073438 0.118750
5 0.601562 0.525000 0.046875 0.068750
9 0.157812 0.537500 0.121875 0.162500
5 0.375781 0.543359 0.045312 0.064844
10 0.257812 0.548047 0.084375 0.121094
5 0.385937 0.590234 0.059375 0.083594
10 0.193750 0.644141 0.115625 0.153906
5 0.314844 0.678125 0.092188 0.106250
9 0.035156 0.685547 0.070312 0.196094
5 0.586719 0.752734 0.089063 0.139844
5 0.291406 0.810547 0.098437 0.121094
9 0.092188 0.831250 0.184375 0.337500
5 0.230469 0.941016 0.142187 0.116406
