10 0.349219 0.418359 0.057813 0.083594
5 0.396094 0.450000 0.029687 0.031250
8 0.569531 0.468359 0.042188 0.064844
9 0.293750 0.490625 0.093750 0.156250
5 0.528125 0.512500 0.046875 0.068750
5 0.378125 0.521484 0.053125 0.077344
9 0.743750 0.543359 0.128125 0.183594
8 0.166406 0.544141 0.095312 0.097656
8 0.638281 0.559766 0.082812 0.147656
5 0.357031 0.568359 0.054688 0.071094
10 0.187500 0.625391 0.146875 0.185156
8 0.055469 0.677734 0.110937 0.152344
5 0.314844 0.746875 0.092188 0.125000
5 0.643750 0.791797 0.112500 0.196094
