8 0.344531 0.396875 0.026562 0.037500
5 0.380469 0.400391 0.029687 0.035156
7 0.414844 0.409375 0.026562 0.025000
5 0.372656 0.418359 0.026562 0.033594
5 0.407031 0.431641 0.023438 0.028906
10 0.285156 0.437109 0.045312 0.064844
5 0.496875 0.443750 0.034375 0.043750
10 0.343750 0.452734 0.043750 0.058594
5 0.400000 0.466016 0.034375 0.041406
8 0.238281 0.473047 0.045312 0.071094
8 0.287500 0.505859 0.062500 0.089844
10 0.193750 0.513672 0.075000 0.102344
5 0.363281 0.587500 0.060937 0.075000
10 0.217188 0.625000 0.096875 0.156250
5 0.327344 0.733203 0.101562 0.128906
5 0.673438 0.903516 0.143750 0.191406
