5 0.318750 0.391016 0.037500 0.047656
5 0.630469 0.411328 0.035937 0.047656
10 0.586719 0.416016 0.064062 0.103906
4 0.492188 0.421484 0.043750 0.071094
8 0.261719 0.437891 0.048438 0.060156
11 0.692187 0.446875 0.068750 0.068750
10 0.619531 0.471484 0.067187 0.089844
5 0.514844 0.496875 0.051562 0.062500
5 0.339844 0.497266 0.064062 0.103906
5 0.231250 0.519141 0.062500 0.072656
9 0.811719 0.521875 0.142187 0.237500
5 0.541406 0.596875 0.085938 0.112500
12 0.746094 0.656641 0.267188 0.366406
5 0.286719 0.733984 0.104688 0.127344
5 0.079687 0.781641 0.137500 0.160156
5 0.626563 0.821484 0.134375 0.208594
