1 0.521094 0.388672 0.029687 0.039844
5 0.558594 0.403125 0.017188 0.025000
8 0.355469 0.421484 0.032813 0.052344
5 0.590625 0.424609 0.028125 0.033594
5 0.537500 0.428125 0.025000 0.031250
10 0.289844 0.431250 0.048438 0.081250
5 0.496875 0.432422 0.028125 0.039844
5 0.397656 0.439063 0.026562 0.031250
5 0.621875 0.450391 0.037500 0.047656
8 0.335156 0.454297 0.042188 0.071094
5 0.559375 0.470703 0.034375 0.053906
5 0.391406 0.475391 0.032813 0.035156
10 0.230469 0.482812 0.092188 0.131250
5 0.611719 0.520703 0.051562 0.053906
5 0.285156 0.525000 0.045312 0.062500
5 0.367969 0.537500 0.045312 0.081250
5 0.528906 0.537109 0.032813 0.071094
5 0.139844 0.543750 0.051562 0.068750
8 0.728906 0.556250 0.076563 0.093750
10 0.231250 0.609766 0.134375 0.178906
5 0.084375 0.683984 0.071875 0.102344
5 0.330469 0.699609 0.057813 0.089844
5 0.597656 0.710547 0.082812 0.121094
5 0.929688 0.780859 0.106250 0.171094
5 0.811719 0.837500 0.120313 0.193750
