5 0.382812 0.362891 0.031250 0.035156
5 0.476562 0.376563 0.034375 0.043750
11 0.261719 0.381250 0.045312 0.062500
5 0.317188 0.382812 0.034375 0.043750
11 0.617188 0.393750 0.040625 0.075000
5 0.549219 0.400000 0.035937 0.050000
11 0.208594 0.403516 0.051562 0.085156
5 0.372656 0.409766 0.039062 0.041406
5 0.494531 0.415234 0.039062 0.052344
5 0.586719 0.431641 0.048438 0.072656
5 0.355469 0.460547 0.048438 0.071094
5 0.682813 0.468359 0.059375 0.077344
11 0.217969 0.492188 0.082812 0.125000
5 0.518750 0.505859 0.056250 0.102344
11 0.642188 0.511328 0.068750 0.122656
11 0.059375 0.562109 0.118750 0.158594
5 0.546875 0.597266 0.078125 0.122656
5 0.307031 0.608203 0.073438 0.103906
12 0.844531 0.742578 0.304688 0.497656
