5 0.470313 0.358984 0.015625 0.021094
5 0.495312 0.361328 0.015625 0.022656
10 0.332813 0.387891 0.050000 0.066406
5 0.489844 0.404687 0.026562 0.037500
5 0.425000 0.405859 0.025000 0.027344
8 0.368750 0.406250 0.031250 0.050000
5 0.404687 0.415234 0.028125 0.033594
10 0.300000 0.420703 0.065625 0.091406
8 0.353906 0.428125 0.035937 0.050000
5 0.396875 0.433203 0.028125 0.041406
5 0.260156 0.444922 0.032813 0.039844
5 0.348438 0.448437 0.031250 0.037500
5 0.217969 0.465625 0.051562 0.043750
5 0.396094 0.469141 0.035937 0.041406
10 0.322656 0.478516 0.057813 0.097656
5 0.528125 0.493359 0.050000 0.064844
5 0.380469 0.514453 0.051562 0.066406
5 0.196875 0.525391 0.053125 0.072656
5 0.255469 0.570312 0.067187 0.093750
8 0.113281 0.599609 0.123438 0.152344
5 0.336719 0.599609 0.073438 0.096094
5 0.567187 0.617578 0.078125 0.110156
5 0.899219 0.743750 0.129688 0.150000
5 0.110937 0.817578 0.134375 0.172656
5 0.243750 0.937891 0.153125 0.122656
