5 0.360156 0.381641 0.032813 0.041406
5 0.545312 0.383984 0.031250 0.033594
5 0.517969 0.388672 0.026562 0.027344
5 0.375781 0.410938 0.029687 0.025000
8 0.570312 0.412109 0.034375 0.046094
5 0.492188 0.419922 0.037500 0.052344
5 0.365625 0.425391 0.025000 0.041406
5 0.401562 0.425000 0.031250 0.037500
5 0.547656 0.441016 0.039062 0.047656
5 0.411719 0.441016 0.032813 0.041406
5 0.334375 0.444922 0.050000 0.064844
10 0.261719 0.453125 0.079687 0.125000
5 0.582812 0.479687 0.040625 0.062500
8 0.317969 0.484375 0.067187 0.087500
5 0.378125 0.494141 0.059375 0.053906
5 0.520312 0.499609 0.050000 0.071094
10 0.178125 0.523438 0.128125 0.162500
5 0.688281 0.531250 0.057813 0.081250
5 0.371875 0.549609 0.065625 0.077344
5 0.082812 0.581250 0.090625 0.100000
5 0.645312 0.585547 0.068750 0.096094
5 0.332031 0.639062 0.076563 0.106250
5 0.110156 0.646484 0.089063 0.096094
10 0.177344 0.700000 0.198437 0.262500
5 0.609375 0.758984 0.128125 0.196094
5 0.055469 0.929688 0.110937 0.140625
5 0.253125 0.950000 0.168750 0.100000
