5 0.351562 0.335938 0.031250 0.037500
5 0.390625 0.346484 0.031250 0.033594
5 0.571875 0.352734 0.034375 0.039844
5 0.528906 0.368359 0.029687 0.039844
5 0.353906 0.375000 0.032813 0.037500
5 0.591406 0.378516 0.039062 0.041406
5 0.628125 0.390234 0.043750 0.058594
5 0.554688 0.405078 0.034375 0.047656
5 0.490625 0.406250 0.037500 0.043750
2 0.705469 0.440625 0.120313 0.200000
5 0.510938 0.451172 0.053125 0.077344
2 0.608594 0.464062 0.095312 0.143750
5 0.533594 0.557422 0.073438 0.102344
5 0.864062 0.665625 0.115625 0.118750
5 0.578906 0.719141 0.104688 0.166406
5 0.769531 0.740234 0.123438 0.133594
