8 0.307812 0.381641 0.037500 0.047656
5 0.368750 0.412109 0.043750 0.071094
5 0.292969 0.427734 0.042188 0.046094
5 0.585156 0.462109 0.042188 0.064844
5 0.693750 0.467578 0.031250 0.072656
10 0.644531 0.494922 0.085938 0.177344
4 0.522656 0.514062 0.054688 0.106250
5 0.342969 0.517188 0.057813 0.062500
2 0.092188 0.516797 0.184375 0.258594
11 0.771875 0.529687 0.081250 0.112500
5 0.222656 0.554688 0.070312 0.087500
10 0.703906 0.584766 0.101562 0.160156
5 0.295312 0.648828 0.087500 0.110156
5 0.567969 0.672266 0.085938 0.122656
