8 0.314844 0.374609 0.064062 0.089844
5 0.385156 0.381641 0.035937 0.047656
5 0.478125 0.384766 0.040625 0.047656
2 0.561719 0.393359 0.082812 0.127344
2 0.661719 0.406250 0.092188 0.112500
5 0.362500 0.435937 0.050000 0.062500
8 0.241406 0.436328 0.064062 0.097656
5 0.507031 0.474609 0.054688 0.089844
5 0.637500 0.525391 0.062500 0.110156
5 0.319531 0.548047 0.067187 0.083594
1 0.777344 0.646875 0.251563 0.337500
5 0.124219 0.645703 0.114062 0.116406
5 0.610938 0.677734 0.109375 0.158594
5 0.951562 0.728516 0.096875 0.141406
