10 0.265625 0.365234 0.040625 0.058594
5 0.385937 0.375391 0.031250 0.041406
10 0.238281 0.390625 0.048438 0.068750
5 0.666406 0.396875 0.039062 0.043750
5 0.617188 0.409375 0.040625 0.050000
5 0.565625 0.410938 0.040625 0.062500
10 0.246094 0.449609 0.073438 0.108594
5 0.669531 0.450391 0.057813 0.072656
5 0.353125 0.468750 0.050000 0.062500
5 0.158594 0.474609 0.057813 0.083594
5 0.515625 0.507422 0.059375 0.089844
10 0.210938 0.509766 0.087500 0.147656
5 0.316406 0.578125 0.067187 0.081250
5 0.657031 0.578516 0.076563 0.091406
9 0.831250 0.596875 0.196875 0.200000
5 0.562500 0.631250 0.087500 0.118750
5 0.049219 0.658203 0.098437 0.128906
5 0.268750 0.709375 0.109375 0.131250
5 0.807813 0.771484 0.128125 0.152344
