5 0.385156 0.354297 0.032813 0.033594
5 0.536719 0.375391 0.032813 0.041406
11 0.601562 0.378125 0.043750 0.068750
5 0.375781 0.387109 0.032813 0.039844
5 0.485156 0.390234 0.032813 0.046094
5 0.303125 0.406250 0.037500 0.050000
5 0.567187 0.408984 0.040625 0.058594
11 0.232813 0.408984 0.062500 0.077344
5 0.658594 0.434766 0.045312 0.047656
11 0.171875 0.434766 0.075000 0.110156
5 0.359375 0.453125 0.050000 0.050000
5 0.507812 0.456641 0.046875 0.072656
11 0.618750 0.474609 0.062500 0.102344
5 0.336719 0.518359 0.060937 0.077344
5 0.526563 0.529297 0.059375 0.083594
11 0.804688 0.543750 0.050000 0.143750
11 0.178906 0.548047 0.107813 0.158594
12 0.754687 0.630078 0.231250 0.360156
11 0.937500 0.689063 0.125000 0.231250
5 0.262500 0.737500 0.103125 0.137500
3 0.635938 0.746484 0.234375 0.439844
