9 0.366406 0.401562 0.042188 0.068750
12 0.313281 0.406250 0.045312 0.075000
5 0.404687 0.437500 0.034375 0.037500
5 0.249219 0.448828 0.026562 0.035156
5 0.347656 0.450000 0.032813 0.043750
10 0.577344 0.453125 0.048438 0.081250
5 0.394531 0.470313 0.032813 0.043750
8 0.267969 0.470703 0.048438 0.066406
8 0.206250 0.528125 0.065625 0.093750
7 0.378125 0.535547 0.046875 0.071094
5 0.277344 0.549609 0.057813 0.071094
5 0.353125 0.624609 0.065625 0.089844
5 0.205469 0.656250 0.076563 0.081250
10 0.053125 0.675000 0.106250 0.181250
8 0.857812 0.696875 0.128125 0.187500
5 0.167187 0.773438 0.115625 0.125000
5 0.291406 0.808984 0.114062 0.139844
