5 0.387500 0.360938 0.031250 0.025000
5 0.475000 0.362500 0.018750 0.037500
5 0.477344 0.387500 0.026562 0.025000
5 0.538281 0.421484 0.029687 0.039844
5 0.364844 0.428125 0.051562 0.062500
5 0.398438 0.455859 0.071875 0.064844
5 0.571094 0.474609 0.032813 0.033594
5 0.301563 0.493359 0.090625 0.071094
5 0.532031 0.546484 0.048438 0.046094
5 0.610156 0.546484 0.035937 0.046094
5 0.338281 0.635938 0.101562 0.100000
9 0.047656 0.712500 0.095312 0.168750
5 0.643750 0.763672 0.003125 0.002344
5 0.664062 0.808984 0.046875 0.064844
5 0.958594 0.953516 0.082812 0.091406
