2 0.572656 0.309766 0.057813 0.066406
8 0.315625 0.312500 0.031250 0.050000
5 0.362500 0.321484 0.028125 0.046094
6 0.515625 0.339453 0.053125 0.066406
5 0.475000 0.343750 0.034375 0.031250
5 0.473438 0.368750 0.034375 0.037500
5 0.370312 0.384766 0.043750 0.053906
5 0.481250 0.389062 0.040625 0.056250
2 0.571875 0.393750 0.093750 0.162500
5 0.628906 0.423047 0.048438 0.071094
1 0.690625 0.428125 0.100000 0.168750
5 0.498437 0.451562 0.050000 0.068750
5 0.531250 0.535547 0.081250 0.108594
6 0.837500 0.576953 0.168750 0.203906
5 0.578906 0.676953 0.110937 0.141406
5 0.769531 0.715234 0.120313 0.152344
5 0.130469 0.968750 0.179688 0.062500
5 0.676562 0.981641 0.115625 0.035156
