10 0.273438 0.356641 0.040625 0.047656
10 0.247656 0.380859 0.045312 0.064844
5 0.623437 0.415625 0.043750 0.056250
5 0.689063 0.418750 0.046875 0.056250
5 0.571094 0.419922 0.039062 0.064844
10 0.265625 0.431250 0.059375 0.093750
5 0.360938 0.446875 0.046875 0.056250
5 0.178906 0.455859 0.051562 0.077344
5 0.682813 0.462109 0.062500 0.071094
10 0.230469 0.480859 0.073438 0.133594
5 0.521094 0.525391 0.060937 0.091406
5 0.331250 0.531641 0.059375 0.072656
5 0.093750 0.608203 0.103125 0.116406
5 0.676562 0.614062 0.084375 0.106250
9 0.868750 0.629687 0.231250 0.237500
5 0.296094 0.632812 0.092188 0.106250
5 0.577344 0.681250 0.098437 0.137500
5 0.228906 0.818359 0.139063 0.171094
5 0.855469 0.837500 0.148438 0.175000
