2 0.284375 0.344922 0.062500 0.102344
5 0.347656 0.353516 0.023438 0.035156
5 0.385937 0.362500 0.025000 0.031250
2 0.300781 0.381641 0.067187 0.097656
5 0.486719 0.387500 0.035937 0.050000
5 0.364844 0.400391 0.035937 0.047656
12 0.621094 0.453516 0.101562 0.178906
11 0.682031 0.459375 0.060937 0.106250
5 0.351562 0.462500 0.056250 0.062500
5 0.245312 0.487891 0.062500 0.072656
3 0.535156 0.496484 0.104688 0.183594
11 0.763281 0.523047 0.095312 0.146094
8 0.096875 0.523438 0.109375 0.150000
5 0.303125 0.625000 0.087500 0.118750
8 0.117188 0.692578 0.103125 0.147656
5 0.609375 0.706250 0.118750 0.187500
5 0.235156 0.879687 0.151562 0.187500
