5 0.475781 0.357812 0.035937 0.031250
3 0.543750 0.369922 0.056250 0.089844
5 0.479687 0.384375 0.031250 0.037500
9 0.660156 0.396875 0.095312 0.118750
5 0.492969 0.407813 0.039062 0.031250
5 0.546094 0.419922 0.023438 0.052344
5 0.499219 0.447266 0.051562 0.053906
3 0.163281 0.456250 0.132812 0.143750
3 0.603906 0.458984 0.095312 0.164844
5 0.347656 0.474609 0.054688 0.077344
5 0.513281 0.486328 0.060937 0.060156
5 0.524219 0.531250 0.067187 0.081250
5 0.810937 0.574609 0.071875 0.114844
9 0.728906 0.577734 0.179688 0.296094
5 0.553906 0.628516 0.089063 0.122656
5 0.919531 0.714453 0.123438 0.141406
5 0.639844 0.868359 0.160938 0.258594
