5 0.369531 0.415625 0.029687 0.031250
8 0.309375 0.432422 0.034375 0.052344
5 0.402344 0.438672 0.032813 0.039844
8 0.257812 0.480078 0.046875 0.072656
5 0.577344 0.481250 0.039062 0.056250
5 0.316406 0.487109 0.042188 0.052344
7 0.389062 0.493359 0.040625 0.052344
5 0.282031 0.524609 0.039062 0.039844
5 0.373437 0.550391 0.050000 0.066406
10 0.152344 0.562109 0.098437 0.114844
5 0.283594 0.570312 0.060937 0.068750
5 0.341406 0.650000 0.076563 0.087500
8 0.046875 0.675391 0.093750 0.166406
10 0.141406 0.720703 0.151562 0.203906
5 0.595313 0.733203 0.096875 0.128906
