1 0.464062 0.337109 0.043750 0.064844
9 0.525781 0.337500 0.051562 0.081250
5 0.380469 0.354297 0.032813 0.046094
5 0.469531 0.359375 0.026562 0.031250
8 0.307812 0.389453 0.046875 0.066406
8 0.237500 0.399609 0.059375 0.077344
11 0.651563 0.415625 0.062500 0.087500
1 0.578125 0.415234 0.084375 0.127344
5 0.488281 0.418359 0.054688 0.064844
5 0.671094 0.464453 0.057813 0.066406
5 0.742188 0.465625 0.053125 0.075000
5 0.509375 0.481641 0.059375 0.091406
8 0.345313 0.490625 0.056250 0.087500
8 0.127344 0.517578 0.082812 0.097656
5 0.534375 0.560547 0.065625 0.096094
9 0.870313 0.572266 0.228125 0.291406
5 0.285938 0.626953 0.081250 0.103906
5 0.697656 0.629297 0.095312 0.121094
5 0.576562 0.705859 0.100000 0.171094
5 0.696094 0.937891 0.176563 0.122656
