5 0.408594 0.303125 0.029687 0.037500
1 0.467187 0.330859 0.043750 0.064844
5 0.390625 0.331641 0.034375 0.041406
5 0.353906 0.335547 0.026562 0.033594
1 0.516406 0.337500 0.051562 0.081250
5 0.287500 0.353516 0.046875 0.072656
5 0.469531 0.359375 0.026562 0.031250
2 0.600000 0.367188 0.062500 0.100000
5 0.479687 0.368750 0.034375 0.037500
1 0.549219 0.374609 0.067187 0.108594
5 0.480469 0.395313 0.032813 0.043750
5 0.488281 0.407813 0.032813 0.031250
5 0.553125 0.414062 0.040625 0.043750
5 0.632812 0.415625 0.037500 0.050000
5 0.501563 0.446875 0.046875 0.037500
2 0.723437 0.456641 0.121875 0.185156
5 0.591406 0.469141 0.051562 0.078906
5 0.511719 0.498047 0.057813 0.083594
5 0.638281 0.549609 0.076563 0.108594
5 0.530469 0.562109 0.082812 0.102344
5 0.192188 0.591797 0.078125 0.096094
1 0.865625 0.776563 0.268750 0.446875
5 0.645312 0.900000 0.150000 0.200000
