10 0.357031 0.412109 0.045312 0.071094
9 0.600781 0.423438 0.051562 0.075000
5 0.399219 0.443750 0.029687 0.031250
9 0.308594 0.464062 0.079687 0.131250
5 0.516406 0.468750 0.032813 0.050000
5 0.384375 0.493750 0.043750 0.062500
8 0.194531 0.525000 0.085938 0.093750
5 0.368750 0.538672 0.050000 0.064844
10 0.221875 0.580859 0.112500 0.158594
8 0.089844 0.626953 0.117188 0.128906
8 0.682031 0.631250 0.082812 0.131250
5 0.327344 0.691016 0.079687 0.110156
9 0.952344 0.771484 0.095312 0.327344
5 0.280469 0.895312 0.132812 0.168750
5 0.677344 0.903516 0.154688 0.191406
