6 0.332031 0.356250 0.035937 0.043750
10 0.256250 0.358984 0.071875 0.089844
5 0.382031 0.377734 0.035937 0.039844
9 0.632812 0.384375 0.062500 0.112500
5 0.314844 0.395313 0.035937 0.043750
12 0.574219 0.399609 0.085938 0.114844
5 0.494531 0.419141 0.035937 0.060156
10 0.266406 0.444141 0.067187 0.122656
5 0.339062 0.498047 0.065625 0.071094
5 0.527344 0.555859 0.070312 0.096094
2 0.078125 0.562109 0.156250 0.321094
9 0.737500 0.592187 0.178125 0.312500
5 0.180469 0.598828 0.092188 0.110156
5 0.282813 0.667578 0.093750 0.135156
