8 0.319531 0.364063 0.064062 0.093750
2 0.571875 0.403125 0.078125 0.131250
8 0.250781 0.420703 0.054688 0.091406
2 0.680469 0.425000 0.101562 0.143750
5 0.512500 0.490625 0.050000 0.075000
5 0.332031 0.499609 0.057813 0.071094
8 0.825000 0.537891 0.078125 0.091406
5 0.650781 0.539453 0.060937 0.116406
5 0.901563 0.550000 0.053125 0.093750
5 0.157031 0.587891 0.089063 0.097656
1 0.812500 0.690625 0.275000 0.387500
5 0.630469 0.728125 0.123438 0.200000
8 0.066406 0.768750 0.132812 0.237500
5 0.211719 0.917188 0.151562 0.165625
