10 0.328125 0.399609 0.034375 0.058594
10 0.362500 0.412891 0.037500 0.053906
9 0.282031 0.428125 0.070312 0.100000
5 0.406250 0.438672 0.028125 0.039844
5 0.401562 0.472266 0.037500 0.041406
12 0.216406 0.498437 0.110937 0.162500
9 0.282813 0.507422 0.093750 0.152344
5 0.374219 0.525391 0.051562 0.053906
5 0.147656 0.533984 0.057813 0.058594
5 0.352344 0.593750 0.064062 0.081250
8 0.086719 0.650391 0.123438 0.153906
7 0.335938 0.692187 0.087500 0.125000
5 0.189844 0.698828 0.095312 0.110156
5 0.296094 0.833984 0.114062 0.146094
