1 0.464062 0.337109 0.043750 0.064844
1 0.525781 0.337500 0.051562 0.081250
5 0.469531 0.359375 0.026562 0.031250
5 0.380469 0.366797 0.032813 0.046094
8 0.298438 0.391016 0.046875 0.066406
8 0.643750 0.404687 0.062500 0.100000
1 0.578125 0.415234 0.084375 0.127344
5 0.488281 0.418359 0.054688 0.064844
8 0.226562 0.418750 0.062500 0.087500
5 0.732812 0.454688 0.053125 0.075000
5 0.671094 0.464453 0.057813 0.066406
5 0.509375 0.481641 0.059375 0.091406
8 0.336719 0.507812 0.060937 0.093750
8 0.099219 0.537891 0.082812 0.097656
9 0.848437 0.550391 0.215625 0.285156
5 0.530469 0.558984 0.060937 0.096094
5 0.683594 0.608984 0.095312 0.121094
5 0.272656 0.672266 0.089063 0.122656
5 0.570312 0.688672 0.100000 0.177344
5 0.682031 0.915625 0.176563 0.168750
