9 0.310156 0.412500 0.057813 0.087500
5 0.413281 0.415625 0.026562 0.037500
5 0.489063 0.415625 0.025000 0.031250
9 0.331250 0.441797 0.068750 0.096094
5 0.408594 0.443359 0.029687 0.033594
5 0.507812 0.446484 0.025000 0.039844
12 0.266406 0.451562 0.079687 0.118750
10 0.589844 0.467187 0.070312 0.125000
5 0.516406 0.486328 0.039062 0.060156
5 0.387500 0.487109 0.034375 0.046094
5 0.297656 0.526172 0.054688 0.064844
8 0.204687 0.535547 0.071875 0.096094
5 0.367188 0.541797 0.050000 0.058594
5 0.104688 0.577734 0.071875 0.071094
5 0.555469 0.618750 0.060937 0.093750
7 0.353906 0.621484 0.067187 0.089844
8 0.075781 0.671484 0.120313 0.139844
8 0.854688 0.737109 0.153125 0.177344
5 0.317188 0.753516 0.096875 0.128906
5 0.136719 0.787891 0.126562 0.128906
