12 0.532031 0.391797 0.051562 0.096094
11 0.339062 0.393359 0.037500 0.046094
11 0.366406 0.400391 0.039062 0.047656
11 0.584375 0.408203 0.031250 0.041406
11 0.416406 0.411328 0.029687 0.047656
5 0.507031 0.482422 0.042188 0.052344
10 0.220312 0.484766 0.106250 0.135156
5 0.382031 0.496484 0.051562 0.064844
11 0.657031 0.506250 0.051562 0.062500
5 0.340625 0.671875 0.081250 0.118750
5 0.593750 0.690234 0.087500 0.133594
9 0.049219 0.850391 0.098437 0.297656
9 0.916406 0.954688 0.167187 0.090625
