8 0.360938 0.308984 0.040625 0.058594
8 0.399219 0.308984 0.029687 0.052344
5 0.384375 0.348828 0.043750 0.035156
5 0.373437 0.386328 0.043750 0.060156
5 0.635938 0.403516 0.046875 0.066406
2 0.723437 0.421484 0.140625 0.139844
2 0.264062 0.431641 0.112500 0.166406
8 0.608594 0.431641 0.067187 0.122656
5 0.484375 0.448047 0.040625 0.071094
5 0.557813 0.476172 0.075000 0.102344
5 0.504687 0.502734 0.068750 0.102344
5 0.666406 0.554297 0.048438 0.133594
5 0.528125 0.571484 0.081250 0.121094
2 0.746875 0.609375 0.159375 0.300000
8 0.024219 0.618359 0.048438 0.164844
5 0.575781 0.680859 0.114062 0.146094
2 0.861719 0.778516 0.276562 0.441406
5 0.063281 0.796875 0.126562 0.175000
5 0.614844 0.821484 0.151562 0.233594
