2 0.289062 0.340625 0.056250 0.068750
5 0.383594 0.356641 0.039062 0.053906
2 0.330469 0.360938 0.039062 0.100000
8 0.610156 0.375000 0.057813 0.093750
8 0.651563 0.409766 0.075000 0.110156
8 0.271875 0.421484 0.062500 0.108594
5 0.363281 0.425391 0.051562 0.078906
8 0.211719 0.483984 0.079687 0.133594
8 0.720313 0.487109 0.071875 0.096094
8 0.510938 0.502734 0.075000 0.096094
8 0.635156 0.512500 0.085938 0.143750
8 0.674219 0.553125 0.110937 0.187500
2 0.829688 0.556250 0.140625 0.175000
5 0.523438 0.576953 0.068750 0.116406
5 0.552344 0.628516 0.079687 0.122656
8 0.749219 0.647266 0.073438 0.166406
5 0.296094 0.649609 0.110937 0.133594
2 0.842969 0.700391 0.195312 0.328906
5 0.585938 0.791016 0.121875 0.191406
2 0.930469 0.845313 0.139063 0.309375
5 0.746875 0.926562 0.175000 0.146875
