8 0.285938 0.339453 0.043750 0.066406
5 0.378906 0.370703 0.039062 0.041406
2 0.305469 0.390234 0.073438 0.096094
11 0.560156 0.396484 0.048438 0.089844
5 0.489063 0.414062 0.043750 0.056250
5 0.631250 0.425391 0.037500 0.047656
10 0.679688 0.442578 0.075000 0.122656
5 0.510938 0.450000 0.053125 0.075000
5 0.608594 0.496875 0.051562 0.075000
9 0.814063 0.531250 0.200000 0.243750
10 0.675000 0.560937 0.096875 0.162500
5 0.546094 0.616797 0.073438 0.108594
10 0.885938 0.833203 0.228125 0.328906
5 0.210938 0.851562 0.131250 0.156250
