5 0.366406 0.425000 0.026562 0.031250
5 0.553906 0.425391 0.029687 0.035156
5 0.407813 0.426953 0.025000 0.028906
5 0.497656 0.428516 0.029687 0.041406
5 0.346875 0.456641 0.025000 0.047656
5 0.399219 0.459766 0.032813 0.035156
8 0.314844 0.473047 0.057813 0.096094
10 0.227344 0.484375 0.085938 0.131250
5 0.399219 0.489453 0.035937 0.053906
5 0.592969 0.493750 0.048438 0.075000
5 0.653125 0.500000 0.050000 0.062500
8 0.258594 0.556641 0.070312 0.122656
5 0.342187 0.590234 0.068750 0.077344
10 0.085938 0.604688 0.171875 0.212500
5 0.553125 0.618359 0.075000 0.108594
5 0.667969 0.628516 0.073438 0.091406
5 0.335938 0.667578 0.078125 0.110156
10 0.099219 0.803516 0.198437 0.316406
5 0.256250 0.889062 0.131250 0.181250
