5 0.476562 0.379688 0.021875 0.025000
8 0.521875 0.385937 0.028125 0.050000
5 0.374219 0.413672 0.029687 0.027344
10 0.294531 0.416797 0.048438 0.058594
5 0.358594 0.428125 0.029687 0.037500
10 0.257812 0.438672 0.065625 0.064844
5 0.403125 0.445703 0.031250 0.053906
5 0.336719 0.476562 0.026562 0.056250
5 0.571875 0.479687 0.062500 0.075000
10 0.279687 0.506250 0.103125 0.143750
5 0.387500 0.506641 0.046875 0.066406
5 0.364063 0.562500 0.056250 0.081250
9 0.154688 0.653516 0.225000 0.316406
5 0.326562 0.655078 0.093750 0.122656
5 0.592187 0.656250 0.087500 0.125000
5 0.285938 0.751953 0.106250 0.128906
10 0.065625 0.857812 0.131250 0.284375
5 0.261719 0.907813 0.145313 0.184375
