8 0.389844 0.353516 0.039062 0.047656
8 0.316406 0.362500 0.054688 0.068750
5 0.303125 0.407813 0.040625 0.056250
2 0.222656 0.410938 0.098437 0.112500
5 0.373437 0.411328 0.043750 0.060156
2 0.761719 0.491016 0.126562 0.147656
2 0.187500 0.546875 0.175000 0.231250
8 0.667969 0.547266 0.114062 0.197656
5 0.510938 0.571875 0.081250 0.106250
2 0.932031 0.578125 0.135937 0.162500
5 0.320312 0.584375 0.106250 0.118750
5 0.557813 0.616797 0.084375 0.096094
8 0.731250 0.629297 0.046875 0.158594
5 0.557031 0.712891 0.126562 0.153906
2 0.860938 0.723437 0.231250 0.337500
2 0.913281 0.828125 0.173437 0.343750
5 0.727344 0.864062 0.198437 0.271875
5 0.609375 0.944141 0.159375 0.110156
