2 0.533594 0.351172 0.051562 0.089844
8 0.251563 0.375391 0.056250 0.072656
8 0.608594 0.389062 0.045312 0.056250
5 0.484375 0.391797 0.031250 0.046094
5 0.563281 0.420703 0.045312 0.053906
5 0.639844 0.432812 0.048438 0.056250
5 0.504687 0.448437 0.050000 0.062500
8 0.700000 0.462109 0.075000 0.108594
5 0.328125 0.484766 0.059375 0.072656
5 0.626563 0.510938 0.068750 0.087500
5 0.521875 0.515234 0.059375 0.077344
2 0.872656 0.583984 0.254688 0.358594
5 0.592187 0.669141 0.112500 0.160156
2 0.831250 0.789062 0.290625 0.421875
