9 0.322656 0.409766 0.032813 0.060156
9 0.284375 0.437500 0.056250 0.075000
8 0.602344 0.437500 0.042188 0.062500
5 0.402344 0.456250 0.039062 0.056250
10 0.567187 0.458203 0.043750 0.078906
5 0.377344 0.503125 0.057813 0.056250
10 0.186719 0.509766 0.076563 0.116406
5 0.368750 0.550391 0.053125 0.060156
10 0.235156 0.553516 0.132812 0.185156
5 0.349219 0.601172 0.057813 0.077344
5 0.336719 0.655859 0.085938 0.096094
5 0.289844 0.756250 0.107813 0.137500
9 0.113281 0.775391 0.226562 0.447656
5 0.666406 0.896875 0.142187 0.206250
5 0.268750 0.915625 0.137500 0.162500
