8 0.325000 0.412891 0.034375 0.041406
5 0.367969 0.419141 0.029687 0.035156
5 0.492188 0.425391 0.028125 0.035156
7 0.407031 0.437109 0.029687 0.039844
8 0.606250 0.443750 0.037500 0.050000
5 0.346875 0.452734 0.031250 0.039844
5 0.397656 0.473828 0.035937 0.047656
8 0.579688 0.476562 0.046875 0.068750
10 0.242969 0.479687 0.060937 0.087500
10 0.307812 0.492188 0.059375 0.087500
5 0.387500 0.517188 0.043750 0.050000
8 0.189844 0.519141 0.070312 0.091406
5 0.535156 0.544141 0.048438 0.072656
10 0.115625 0.587891 0.106250 0.160156
8 0.218750 0.605859 0.100000 0.139844
5 0.328125 0.715625 0.084375 0.112500
