2 0.373437 0.295703 0.031250 0.053906
7 0.404687 0.301953 0.021875 0.028906
8 0.339062 0.303516 0.028125 0.041406
5 0.393750 0.323437 0.025000 0.037500
2 0.258594 0.359766 0.070312 0.097656
5 0.380469 0.359375 0.035937 0.043750
8 0.553125 0.387500 0.046875 0.087500
8 0.667188 0.401562 0.093750 0.143750
8 0.353125 0.419922 0.043750 0.064844
5 0.571094 0.424609 0.032813 0.052344
5 0.595313 0.447266 0.043750 0.066406
5 0.502344 0.462500 0.039062 0.062500
8 0.236719 0.474609 0.082812 0.121094
8 0.729688 0.484766 0.096875 0.160156
5 0.517188 0.495312 0.059375 0.081250
8 0.622656 0.509766 0.067187 0.135156
5 0.530469 0.534766 0.064062 0.085156
8 0.667969 0.549609 0.107813 0.202344
5 0.558594 0.576953 0.070312 0.103906
8 0.535937 0.623047 0.081250 0.158594
8 0.920312 0.631641 0.159375 0.228906
8 0.764844 0.650391 0.098437 0.160156
5 0.272656 0.717578 0.107813 0.122656
2 0.863281 0.733984 0.229687 0.389844
5 0.573438 0.742188 0.100000 0.175000
5 0.613281 0.862500 0.135937 0.206250
5 0.642969 0.950391 0.151562 0.097656
