10 0.339844 0.392188 0.029687 0.050000
10 0.531250 0.396875 0.037500 0.062500
10 0.375000 0.400391 0.037500 0.053906
9 0.292187 0.415625 0.062500 0.093750
5 0.409375 0.426172 0.028125 0.039844
5 0.489844 0.425391 0.026562 0.035156
8 0.616406 0.459766 0.048438 0.047656
5 0.401562 0.459766 0.037500 0.041406
9 0.307031 0.476172 0.076563 0.127344
12 0.233594 0.482422 0.092188 0.139844
5 0.375000 0.512891 0.046875 0.053906
5 0.357031 0.581250 0.064062 0.081250
8 0.133594 0.609766 0.104688 0.135156
5 0.240625 0.618359 0.078125 0.083594
7 0.336719 0.677734 0.079687 0.114844
5 0.300781 0.812109 0.110937 0.146094
