5 0.471875 0.360547 0.015625 0.021094
5 0.495312 0.361328 0.015625 0.022656
10 0.332813 0.387891 0.050000 0.066406
5 0.423438 0.405859 0.025000 0.027344
8 0.368750 0.406250 0.031250 0.050000
5 0.491406 0.410938 0.026562 0.037500
10 0.303906 0.414453 0.057813 0.078906
5 0.404687 0.415234 0.028125 0.033594
8 0.353906 0.428125 0.035937 0.050000
5 0.395313 0.433203 0.028125 0.041406
5 0.264844 0.437109 0.032813 0.039844
5 0.348438 0.448437 0.031250 0.037500
5 0.397656 0.464453 0.035937 0.041406
5 0.222656 0.468750 0.045312 0.043750
10 0.322656 0.478516 0.057813 0.097656
5 0.529687 0.505859 0.050000 0.064844
5 0.382031 0.506641 0.051562 0.066406
5 0.204687 0.523828 0.053125 0.072656
5 0.261719 0.570312 0.067187 0.093750
5 0.341406 0.591797 0.073438 0.096094
8 0.121094 0.593359 0.123438 0.152344
5 0.578125 0.658203 0.084375 0.116406
5 0.123438 0.809766 0.134375 0.172656
5 0.941406 0.818750 0.117188 0.150000
5 0.243750 0.922266 0.153125 0.153906
