2 0.533594 0.351172 0.051562 0.089844
8 0.603906 0.381250 0.045312 0.056250
5 0.481250 0.383984 0.031250 0.046094
8 0.235937 0.387109 0.059375 0.077344
5 0.555469 0.412891 0.045312 0.053906
5 0.635156 0.421875 0.048438 0.056250
5 0.500781 0.435547 0.045312 0.058594
8 0.692187 0.452734 0.075000 0.108594
5 0.612500 0.485547 0.062500 0.083594
5 0.512500 0.487500 0.056250 0.075000
5 0.302344 0.558984 0.079687 0.102344
2 0.849219 0.560547 0.254688 0.358594
5 0.571875 0.627734 0.103125 0.146094
2 0.769531 0.700391 0.232813 0.328906
