9 0.566406 0.392188 0.039062 0.062500
5 0.522656 0.426953 0.029687 0.041406
10 0.334375 0.438672 0.065625 0.102344
5 0.404687 0.448437 0.028125 0.037500
8 0.274219 0.453125 0.042188 0.062500
5 0.501563 0.453125 0.028125 0.050000
5 0.389844 0.478125 0.035937 0.043750
5 0.544531 0.535547 0.051562 0.071094
9 0.223438 0.570703 0.159375 0.228906
5 0.350781 0.592578 0.073438 0.097656
8 0.069531 0.655859 0.139063 0.177344
5 0.317969 0.684766 0.092188 0.110156
10 0.081250 0.839063 0.162500 0.321875
5 0.658594 0.897266 0.157812 0.203906
5 0.264844 0.912500 0.139063 0.175000
