5 0.301563 0.443359 0.034375 0.046094
5 0.342969 0.450391 0.032813 0.047656
5 0.392188 0.463672 0.037500 0.039844
11 0.263281 0.471484 0.051562 0.058594
5 0.514062 0.475000 0.037500 0.043750
5 0.326562 0.476172 0.040625 0.039844
5 0.396094 0.493359 0.042188 0.046094
5 0.314844 0.506250 0.035937 0.037500
11 0.619531 0.508984 0.060937 0.108594
5 0.533594 0.528516 0.051562 0.072656
5 0.304688 0.531641 0.040625 0.066406
5 0.375781 0.533984 0.051562 0.052344
11 0.246094 0.562500 0.092188 0.125000
5 0.373437 0.568359 0.046875 0.052344
9 0.095312 0.577734 0.153125 0.171094
5 0.382031 0.609766 0.067187 0.091406
11 0.196094 0.637891 0.117188 0.160156
10 0.035156 0.684375 0.070312 0.187500
5 0.310156 0.693750 0.095312 0.106250
5 0.598437 0.756250 0.103125 0.168750
5 0.291406 0.808984 0.104688 0.127344
9 0.091406 0.828516 0.182812 0.341406
11 0.898438 0.865625 0.203125 0.268750
5 0.228125 0.941016 0.150000 0.116406
