10 0.297656 0.418359 0.054688 0.083594
1 0.560156 0.443750 0.067187 0.100000
8 0.335156 0.446484 0.045312 0.071094
5 0.401562 0.454297 0.034375 0.046094
5 0.608594 0.454297 0.042188 0.046094
10 0.242188 0.470313 0.078125 0.118750
5 0.380469 0.490625 0.039062 0.056250
5 0.320312 0.493750 0.046875 0.056250
5 0.679688 0.509766 0.062500 0.078906
10 0.265625 0.558984 0.103125 0.152344
5 0.546094 0.574609 0.057813 0.089844
5 0.645312 0.578125 0.068750 0.093750
5 0.092969 0.587891 0.085938 0.091406
5 0.162500 0.587891 0.062500 0.072656
5 0.361719 0.596875 0.067187 0.081250
5 0.782813 0.609766 0.100000 0.103906
5 0.285938 0.792188 0.112500 0.150000
5 0.098437 0.821484 0.140625 0.183594
5 0.792969 0.856250 0.145313 0.225000
