5 0.401562 0.312500 0.028125 0.037500
5 0.368750 0.319141 0.031250 0.028906
8 0.310937 0.325000 0.056250 0.087500
5 0.387500 0.342187 0.040625 0.050000
2 0.540625 0.371875 0.071875 0.100000
5 0.369531 0.400391 0.051562 0.066406
5 0.653125 0.425000 0.046875 0.062500
8 0.600000 0.446875 0.084375 0.125000
5 0.691406 0.456250 0.057813 0.081250
5 0.528125 0.515234 0.068750 0.089844
5 0.639844 0.539062 0.073438 0.106250
5 0.820312 0.550391 0.087500 0.116406
5 0.552344 0.602734 0.085938 0.127344
5 0.288281 0.609766 0.114062 0.166406
2 0.904687 0.670703 0.190625 0.353906
5 0.588281 0.784766 0.120313 0.197656
5 0.900000 0.878516 0.200000 0.241406
5 0.363281 0.884375 0.001563 0.012500
