5 0.406250 0.306250 0.028125 0.037500
5 0.370312 0.312891 0.031250 0.028906
8 0.310937 0.325000 0.056250 0.087500
5 0.389062 0.335938 0.040625 0.050000
2 0.545312 0.368750 0.071875 0.106250
5 0.378906 0.378516 0.051562 0.066406
5 0.655469 0.431250 0.051562 0.075000
5 0.499219 0.454688 0.054688 0.075000
8 0.598437 0.456250 0.090625 0.143750
5 0.700000 0.465234 0.075000 0.102344
5 0.529687 0.525000 0.071875 0.106250
5 0.317188 0.553516 0.096875 0.141406
5 0.653906 0.558984 0.101562 0.133594
5 0.842187 0.563672 0.090625 0.127344
5 0.563281 0.616016 0.107813 0.153906
2 0.925000 0.695703 0.150000 0.303906
5 0.596094 0.799609 0.132812 0.227344
5 0.363281 0.884375 0.001563 0.012500
5 0.900000 0.925000 0.200000 0.150000
