6 0.338281 0.350391 0.035937 0.041406
10 0.267969 0.351172 0.064062 0.077344
5 0.385156 0.367188 0.029687 0.037500
5 0.325781 0.381641 0.032813 0.047656
5 0.488281 0.398438 0.035937 0.050000
9 0.651563 0.399609 0.071875 0.139844
10 0.285938 0.418750 0.056250 0.093750
12 0.593750 0.423438 0.093750 0.150000
5 0.504687 0.455078 0.050000 0.072656
5 0.354687 0.465234 0.056250 0.071094
2 0.104688 0.490234 0.187500 0.239844
5 0.230469 0.529297 0.076563 0.071094
5 0.316406 0.565625 0.076563 0.100000
5 0.555469 0.641016 0.085938 0.128906
9 0.814063 0.681250 0.240625 0.400000
8 0.055469 0.729688 0.110937 0.162500
