5 0.564844 0.400000 0.035937 0.037500
5 0.530469 0.407422 0.032813 0.039844
5 0.488281 0.418359 0.032813 0.046094
5 0.416406 0.428125 0.039062 0.050000
8 0.600781 0.439063 0.045312 0.056250
8 0.343750 0.440234 0.046875 0.077344
10 0.272656 0.441016 0.070312 0.103906
5 0.569531 0.449609 0.045312 0.046094
5 0.507031 0.456250 0.042188 0.056250
8 0.325000 0.468750 0.056250 0.087500
5 0.389062 0.471875 0.065625 0.050000
5 0.574219 0.480859 0.048438 0.058594
10 0.195312 0.512500 0.118750 0.143750
5 0.381250 0.521484 0.056250 0.064844
5 0.138281 0.533984 0.039062 0.064844
5 0.649219 0.562500 0.082812 0.100000
5 0.153906 0.590625 0.082812 0.100000
5 0.340625 0.604688 0.078125 0.112500
5 0.560937 0.618359 0.084375 0.127344
10 0.188281 0.659766 0.157812 0.228906
5 0.032813 0.666797 0.065625 0.146094
5 0.877344 0.713672 0.139063 0.177344
5 0.805469 0.825000 0.154688 0.206250
5 0.053125 0.858984 0.106250 0.164844
5 0.279687 0.899609 0.143750 0.177344
