9 0.495312 0.354297 0.025000 0.046094
5 0.475000 0.378516 0.012500 0.016406
10 0.345313 0.381250 0.034375 0.056250
8 0.366406 0.406250 0.029687 0.043750
5 0.400000 0.407813 0.025000 0.018750
8 0.313281 0.417578 0.042188 0.060156
5 0.398438 0.428516 0.028125 0.028906
10 0.347656 0.437500 0.035937 0.062500
5 0.298438 0.443359 0.034375 0.039844
5 0.403125 0.449609 0.031250 0.033594
5 0.392188 0.469141 0.034375 0.041406
5 0.328125 0.474609 0.037500 0.052344
5 0.273438 0.494141 0.037500 0.041406
5 0.378125 0.494922 0.037500 0.052344
5 0.617188 0.532422 0.056250 0.064844
5 0.367969 0.539453 0.054688 0.078906
5 0.279687 0.545703 0.050000 0.066406
9 0.137500 0.553125 0.150000 0.168750
5 0.235937 0.634375 0.075000 0.087500
9 0.038281 0.691016 0.076563 0.253906
5 0.300781 0.818359 0.110937 0.146094
5 0.067187 0.910937 0.134375 0.178125
