10 0.543750 0.358984 0.037500 0.071094
5 0.485938 0.389453 0.034375 0.041406
10 0.303125 0.393750 0.050000 0.087500
5 0.367188 0.421875 0.043750 0.043750
9 0.682813 0.425000 0.078125 0.143750
5 0.492969 0.424609 0.039062 0.058594
2 0.162500 0.428516 0.131250 0.178906
12 0.613281 0.450391 0.120313 0.178906
5 0.261719 0.480859 0.057813 0.058594
5 0.516406 0.487109 0.057813 0.083594
5 0.335938 0.496875 0.053125 0.068750
8 0.145313 0.576953 0.090625 0.103906
5 0.599219 0.788672 0.123438 0.189844
7 0.206250 0.881641 0.178125 0.235156
5 0.035937 0.910937 0.071875 0.162500
