8 0.391406 0.340625 0.032813 0.043750
8 0.318750 0.348438 0.046875 0.062500
5 0.381250 0.384766 0.043750 0.053906
2 0.246875 0.388672 0.100000 0.102344
5 0.314063 0.393750 0.043750 0.050000
5 0.587500 0.437891 0.053125 0.072656
5 0.684375 0.453125 0.068750 0.087500
5 0.513281 0.489453 0.073438 0.091406
2 0.770312 0.496875 0.128125 0.137500
2 0.222656 0.498828 0.176563 0.172656
5 0.841406 0.504687 0.051562 0.100000
5 0.345313 0.507812 0.071875 0.106250
8 0.618750 0.509375 0.062500 0.131250
8 0.669531 0.556641 0.110937 0.203906
5 0.526563 0.574609 0.081250 0.114844
2 0.939844 0.580859 0.120313 0.183594
5 0.558594 0.620313 0.082812 0.106250
2 0.753906 0.623437 0.082812 0.137500
5 0.560937 0.712891 0.090625 0.166406
2 0.872656 0.770312 0.254688 0.459375
5 0.726562 0.870703 0.165625 0.241406
5 0.622656 0.962500 0.129688 0.075000
