8 0.317188 0.421484 0.034375 0.052344
5 0.399219 0.431250 0.032813 0.037500
8 0.270313 0.468750 0.046875 0.062500
5 0.325781 0.480859 0.042188 0.052344
7 0.390625 0.484375 0.034375 0.050000
5 0.587500 0.496484 0.050000 0.064844
5 0.288281 0.519922 0.039062 0.039844
5 0.378125 0.531250 0.043750 0.062500
10 0.155469 0.555859 0.098437 0.114844
5 0.288281 0.564063 0.060937 0.068750
5 0.341406 0.650000 0.076563 0.087500
8 0.049219 0.664062 0.098437 0.168750
10 0.152344 0.703516 0.151562 0.191406
5 0.632812 0.826562 0.121875 0.156250
