8 0.368750 0.302734 0.040625 0.052344
8 0.403125 0.307812 0.028125 0.043750
5 0.379688 0.368750 0.043750 0.056250
8 0.276562 0.410938 0.100000 0.125000
8 0.612500 0.437109 0.062500 0.121094
5 0.485938 0.446875 0.053125 0.068750
2 0.742188 0.453516 0.168750 0.178906
5 0.571875 0.487891 0.075000 0.103906
5 0.503906 0.492578 0.060937 0.085156
8 0.678906 0.530859 0.057813 0.108594
8 0.062500 0.550391 0.125000 0.178906
5 0.535937 0.587109 0.084375 0.114844
2 0.755469 0.600391 0.157812 0.266406
5 0.578906 0.680859 0.101562 0.152344
5 0.132812 0.690234 0.118750 0.121094
2 0.869531 0.776563 0.260937 0.446875
5 0.617969 0.837109 0.151562 0.246094
