5 0.378125 0.297266 0.031250 0.028906
8 0.326562 0.303516 0.046875 0.066406
5 0.399219 0.312500 0.042188 0.031250
5 0.391406 0.349609 0.042188 0.058594
8 0.585156 0.352734 0.042188 0.083594
2 0.542969 0.373437 0.082812 0.112500
5 0.367188 0.405859 0.046875 0.052344
5 0.496875 0.418750 0.053125 0.056250
5 0.689844 0.459375 0.051562 0.075000
5 0.503125 0.469922 0.050000 0.077344
8 0.628906 0.494141 0.095312 0.147656
5 0.754687 0.513672 0.075000 0.102344
5 0.539062 0.559375 0.071875 0.106250
5 0.687500 0.617188 0.115625 0.150000
5 0.578906 0.676953 0.114062 0.166406
2 0.969531 0.733203 0.060937 0.278906
5 0.631250 0.914062 0.162500 0.171875
