9 0.490625 0.346875 0.018750 0.037500
5 0.469531 0.362109 0.010937 0.014844
10 0.342187 0.384375 0.034375 0.056250
8 0.364844 0.406250 0.029687 0.043750
5 0.400000 0.407813 0.025000 0.018750
8 0.308594 0.422266 0.042188 0.060156
5 0.542188 0.426563 0.025000 0.031250
5 0.398438 0.428516 0.028125 0.028906
5 0.275000 0.431250 0.034375 0.031250
10 0.343750 0.443359 0.043750 0.071094
5 0.400000 0.452734 0.031250 0.033594
5 0.278125 0.468359 0.034375 0.039844
5 0.392188 0.470703 0.034375 0.041406
5 0.320312 0.478516 0.040625 0.053906
5 0.377344 0.500000 0.042188 0.056250
5 0.281250 0.518750 0.043750 0.056250
5 0.267188 0.569141 0.059375 0.072656
9 0.090625 0.587500 0.181250 0.200000
5 0.352344 0.591016 0.067187 0.097656
5 0.200000 0.691797 0.090625 0.108594
