1 0.464062 0.337109 0.043750 0.064844
1 0.525781 0.337500 0.051562 0.081250
5 0.469531 0.359375 0.026562 0.031250
8 0.626563 0.387500 0.056250 0.087500
1 0.564844 0.390234 0.067187 0.108594
5 0.310937 0.391797 0.037500 0.046094
5 0.480469 0.395313 0.032813 0.043750
5 0.652344 0.436328 0.045312 0.060156
5 0.497656 0.438672 0.042188 0.064844
5 0.354687 0.440625 0.053125 0.068750
8 0.232813 0.472266 0.071875 0.103906
5 0.516406 0.491797 0.042188 0.071094
9 0.786719 0.503516 0.170313 0.216406
5 0.632812 0.526172 0.068750 0.089844
8 0.086719 0.550391 0.126562 0.147656
5 0.532031 0.570312 0.073438 0.118750
5 0.582812 0.720313 0.118750 0.156250
5 0.755469 0.730859 0.135937 0.164844
5 0.214844 0.896875 0.145313 0.206250
