5 0.323437 0.421875 0.034375 0.043750
5 0.353125 0.441797 0.031250 0.033594
5 0.502344 0.441797 0.032813 0.046094
5 0.405469 0.447266 0.029687 0.035156
5 0.564844 0.459766 0.029687 0.047656
5 0.267188 0.463672 0.037500 0.039844
5 0.330469 0.481641 0.032813 0.041406
5 0.657813 0.484375 0.040625 0.043750
8 0.611719 0.491016 0.070312 0.110156
5 0.388281 0.495703 0.035937 0.041406
5 0.311719 0.507812 0.042188 0.056250
5 0.376563 0.531641 0.040625 0.053906
10 0.170313 0.535937 0.121875 0.162500
8 0.257812 0.548047 0.084375 0.121094
5 0.386719 0.581250 0.054688 0.081250
5 0.544531 0.599609 0.076563 0.096094
5 0.648438 0.601562 0.065625 0.106250
8 0.793750 0.632812 0.125000 0.181250
8 0.195312 0.644141 0.115625 0.153906
5 0.317969 0.675000 0.089063 0.106250
10 0.036719 0.677734 0.073438 0.196094
5 0.291406 0.810547 0.098437 0.121094
10 0.093750 0.828125 0.184375 0.337500
5 0.230469 0.941016 0.142187 0.116406
