8 0.329688 0.306641 0.037500 0.053906
5 0.407031 0.310547 0.023438 0.033594
8 0.364844 0.314063 0.029687 0.056250
8 0.335938 0.346484 0.028125 0.058594
5 0.385156 0.353125 0.035937 0.031250
2 0.288281 0.377734 0.082812 0.139844
5 0.371875 0.418750 0.046875 0.062500
5 0.494531 0.428516 0.039062 0.047656
5 0.496094 0.475391 0.045312 0.078906
5 0.535937 0.508984 0.078125 0.064844
5 0.807031 0.560937 0.073438 0.100000
5 0.555469 0.568750 0.098437 0.100000
5 0.693750 0.577734 0.165625 0.314844
5 0.578125 0.691016 0.128125 0.191406
2 0.880469 0.804688 0.239063 0.390625
