9 0.312500 0.410547 0.037500 0.071094
8 0.584375 0.410938 0.037500 0.062500
10 0.549219 0.430859 0.042188 0.077344
9 0.283594 0.437109 0.051562 0.083594
5 0.394531 0.449609 0.035937 0.033594
5 0.371875 0.495312 0.050000 0.068750
10 0.171094 0.516016 0.085938 0.122656
10 0.241406 0.548438 0.129688 0.187500
5 0.375000 0.551562 0.065625 0.081250
5 0.545312 0.594141 0.071875 0.116406
5 0.343750 0.598437 0.053125 0.062500
5 0.325000 0.649609 0.081250 0.102344
5 0.291406 0.753125 0.098437 0.143750
9 0.103906 0.775000 0.207813 0.450000
5 0.264062 0.906250 0.134375 0.168750
