10 0.557031 0.371875 0.051562 0.087500
10 0.313281 0.380078 0.045312 0.072656
5 0.373437 0.396875 0.043750 0.043750
5 0.492969 0.414062 0.035937 0.043750
10 0.572656 0.415234 0.029687 0.071094
2 0.189062 0.419141 0.118750 0.166406
5 0.282031 0.437500 0.048438 0.056250
5 0.351562 0.450000 0.040625 0.056250
9 0.718750 0.459375 0.100000 0.181250
5 0.503906 0.470313 0.051562 0.081250
12 0.645312 0.488672 0.153125 0.239844
8 0.188281 0.527734 0.076563 0.083594
5 0.539844 0.562891 0.070312 0.103906
7 0.289844 0.660547 0.129688 0.183594
5 0.121875 0.681250 0.112500 0.106250
