5 0.387500 0.291797 0.018750 0.021094
8 0.357812 0.296484 0.031250 0.033594
2 0.580469 0.321875 0.079687 0.081250
5 0.368750 0.326953 0.018750 0.028906
8 0.348438 0.350391 0.046875 0.053906
5 0.476562 0.362891 0.040625 0.035156
5 0.482812 0.383984 0.043750 0.027344
5 0.388281 0.391016 0.051562 0.072656
2 0.221094 0.394141 0.098437 0.141406
5 0.491406 0.404687 0.042188 0.037500
8 0.308594 0.418359 0.054688 0.083594
2 0.720313 0.432812 0.146875 0.181250
2 0.611719 0.437891 0.104688 0.166406
5 0.501563 0.440234 0.059375 0.058594
5 0.353125 0.468750 0.078125 0.093750
5 0.527344 0.471484 0.057813 0.058594
5 0.531250 0.514453 0.090625 0.103906
5 0.328125 0.558203 0.075000 0.116406
5 0.866406 0.559766 0.073438 0.110156
2 0.709375 0.584766 0.187500 0.260156
2 0.155469 0.592187 0.170313 0.250000
5 0.562500 0.599609 0.112500 0.146094
5 0.585938 0.742188 0.125000 0.187500
2 0.882031 0.766016 0.235937 0.466406
5 0.636719 0.896875 0.173437 0.206250
