8 0.337500 0.435937 0.056250 0.062500
1 0.509375 0.434766 0.059375 0.091406
5 0.388281 0.471875 0.039062 0.043750
8 0.248438 0.484375 0.053125 0.087500
1 0.300000 0.487500 0.078125 0.125000
5 0.383594 0.501953 0.042188 0.041406
5 0.523438 0.509766 0.046875 0.072656
8 0.188281 0.522266 0.085938 0.078906
5 0.370312 0.544141 0.050000 0.060156
9 0.747656 0.548828 0.142187 0.172656
5 0.349219 0.601172 0.064062 0.064844
10 0.064844 0.632812 0.126562 0.168750
9 0.175781 0.655859 0.195312 0.246094
5 0.332031 0.656250 0.085938 0.112500
5 0.601562 0.750000 0.100000 0.168750
1 0.887500 0.812500 0.225000 0.375000
7 0.289844 0.832812 0.117188 0.181250
