8 0.289844 0.436328 0.051562 0.072656
1 0.334375 0.444141 0.062500 0.097656
5 0.572656 0.464453 0.042188 0.066406
10 0.251563 0.467187 0.059375 0.062500
5 0.388281 0.471875 0.039062 0.043750
5 0.512500 0.472266 0.031250 0.053906
5 0.383594 0.501953 0.042188 0.041406
10 0.196094 0.518750 0.082812 0.106250
2 0.275781 0.519141 0.098437 0.135156
5 0.373437 0.541016 0.050000 0.060156
5 0.352344 0.587109 0.064062 0.064844
8 0.810156 0.622266 0.114062 0.147656
5 0.331250 0.648438 0.075000 0.100000
10 0.174219 0.668750 0.151562 0.200000
9 0.051562 0.690234 0.103125 0.327344
7 0.323437 0.726562 0.093750 0.131250
12 0.837500 0.779687 0.296875 0.440625
5 0.625781 0.811328 0.126562 0.210156
5 0.284375 0.872266 0.121875 0.166406
