10 0.266406 0.449609 0.073438 0.108594
5 0.387500 0.462500 0.034375 0.043750
5 0.336719 0.469141 0.032813 0.041406
8 0.575781 0.478125 0.051562 0.081250
5 0.188281 0.500391 0.054688 0.053906
5 0.510156 0.514453 0.045312 0.053906
10 0.289844 0.521484 0.082812 0.121094
5 0.203125 0.534375 0.053125 0.056250
5 0.379688 0.541016 0.046875 0.053906
1 0.690625 0.605859 0.175000 0.252344
5 0.329688 0.650391 0.075000 0.103906
5 0.080469 0.653516 0.095312 0.116406
5 0.164062 0.710938 0.106250 0.137500
5 0.891406 0.712500 0.148438 0.150000
