8 0.309375 0.407422 0.059375 0.089844
2 0.676562 0.408203 0.100000 0.116406
2 0.581250 0.415625 0.078125 0.150000
5 0.490625 0.441016 0.043750 0.041406
5 0.518750 0.447266 0.046875 0.041406
5 0.514062 0.478125 0.059375 0.043750
2 0.093750 0.498047 0.137500 0.196094
5 0.793750 0.503516 0.081250 0.097656
2 0.659375 0.523828 0.134375 0.210156
5 0.517188 0.528516 0.062500 0.078906
5 0.328125 0.535937 0.065625 0.112500
5 0.538281 0.562891 0.067187 0.103906
8 0.168750 0.640625 0.115625 0.193750
5 0.582031 0.683203 0.095312 0.153906
2 0.899219 0.826562 0.201563 0.346875
5 0.618750 0.853125 0.134375 0.243750
5 0.188281 0.918750 0.173437 0.162500
5 0.684375 0.941016 0.175000 0.116406
