5 0.367969 0.419141 0.045312 0.072656
5 0.287500 0.437891 0.046875 0.053906
5 0.582812 0.446875 0.053125 0.062500
5 0.685156 0.456250 0.029687 0.056250
10 0.635156 0.480859 0.089063 0.164844
4 0.518750 0.498047 0.062500 0.096094
11 0.761719 0.521875 0.076563 0.100000
2 0.089063 0.522266 0.178125 0.272656
5 0.340625 0.530078 0.062500 0.072656
10 0.690625 0.564453 0.096875 0.153906
5 0.217969 0.567578 0.076563 0.097656
5 0.558594 0.639453 0.085938 0.116406
5 0.288281 0.684375 0.095312 0.125000
5 0.649219 0.895312 0.151562 0.209375
