5 0.555469 0.428516 0.029687 0.035156
5 0.314844 0.430859 0.029687 0.039844
5 0.350000 0.434766 0.031250 0.035156
5 0.397656 0.445703 0.035937 0.041406
5 0.500781 0.450000 0.032813 0.043750
8 0.284375 0.454297 0.046875 0.058594
5 0.329688 0.468750 0.037500 0.037500
8 0.571875 0.469141 0.043750 0.066406
5 0.397656 0.481641 0.042188 0.041406
5 0.314844 0.500000 0.035937 0.037500
5 0.220312 0.515234 0.040625 0.046094
5 0.378125 0.523438 0.046875 0.050000
5 0.304688 0.531641 0.040625 0.066406
8 0.244531 0.568750 0.092188 0.125000
10 0.106250 0.568359 0.153125 0.171094
5 0.373437 0.570312 0.050000 0.056250
5 0.383594 0.612891 0.064062 0.085156
8 0.196094 0.641016 0.117188 0.160156
5 0.580469 0.651172 0.079687 0.102344
10 0.035156 0.684375 0.070312 0.187500
5 0.312500 0.691016 0.090625 0.103906
5 0.293750 0.809375 0.100000 0.125000
10 0.091406 0.828516 0.182812 0.341406
5 0.650781 0.894141 0.139063 0.210156
8 0.926562 0.901563 0.146875 0.196875
5 0.228125 0.941016 0.150000 0.116406
