10 0.359375 0.405859 0.043750 0.064844
5 0.400781 0.443750 0.029687 0.031250
9 0.325781 0.453125 0.067187 0.112500
5 0.392969 0.481250 0.042188 0.056250
5 0.511719 0.481250 0.039062 0.056250
5 0.382031 0.496875 0.039062 0.050000
8 0.226562 0.505078 0.071875 0.097656
10 0.274219 0.523438 0.089063 0.112500
8 0.160938 0.556641 0.090625 0.103906
9 0.761719 0.565625 0.129688 0.168750
5 0.357812 0.595313 0.065625 0.081250
5 0.555469 0.601953 0.060937 0.103906
8 0.048438 0.628125 0.096875 0.093750
5 0.326562 0.722266 0.096875 0.116406
1 0.103906 0.809766 0.207813 0.378906
