5 0.297656 0.337109 0.032813 0.046094
8 0.338281 0.344922 0.029687 0.052344
5 0.380469 0.356641 0.029687 0.035156
2 0.609375 0.362891 0.059375 0.103906
2 0.553125 0.371484 0.059375 0.102344
1 0.491406 0.383984 0.070312 0.108594
5 0.713281 0.433984 0.045312 0.052344
5 0.665625 0.446875 0.053125 0.081250
5 0.352344 0.469141 0.051562 0.060156
8 0.249219 0.479297 0.085938 0.096094
8 0.108594 0.511328 0.145313 0.172656
5 0.542969 0.587891 0.076563 0.110156
8 0.152344 0.618750 0.129688 0.193750
2 0.903906 0.662891 0.192188 0.335156
2 0.778906 0.684375 0.251563 0.418750
5 0.293750 0.716016 0.100000 0.122656
