5 0.473438 0.364063 0.028125 0.031250
3 0.543750 0.365625 0.062500 0.087500
9 0.662500 0.387500 0.100000 0.112500
5 0.481250 0.393750 0.037500 0.043750
5 0.490625 0.435937 0.050000 0.062500
3 0.585156 0.435547 0.082812 0.158594
5 0.509375 0.453125 0.043750 0.037500
5 0.716406 0.490234 0.035937 0.064844
9 0.655469 0.500391 0.123438 0.228906
5 0.514844 0.506250 0.064062 0.087500
5 0.760938 0.525391 0.065625 0.072656
5 0.196875 0.555859 0.081250 0.083594
5 0.551562 0.573047 0.096875 0.121094
5 0.797656 0.578516 0.070312 0.097656
5 0.292187 0.608203 0.078125 0.091406
5 0.867969 0.637500 0.110937 0.137500
5 0.708594 0.648438 0.104688 0.150000
5 0.564063 0.671875 0.106250 0.150000
5 0.941406 0.735547 0.117188 0.146094
5 0.614844 0.858984 0.139063 0.233594
