12 0.294531 0.426563 0.067187 0.093750
9 0.347656 0.425391 0.054688 0.085156
8 0.590625 0.433984 0.037500 0.058594
5 0.398438 0.454688 0.034375 0.037500
5 0.321875 0.490234 0.043750 0.046094
5 0.517188 0.503125 0.046875 0.056250
5 0.383594 0.505859 0.042188 0.058594
5 0.181250 0.507422 0.046875 0.052344
8 0.232813 0.508984 0.062500 0.089844
7 0.364063 0.584766 0.059375 0.085156
8 0.147656 0.591797 0.095312 0.121094
5 0.560156 0.607422 0.060937 0.102344
10 0.718750 0.629687 0.146875 0.262500
5 0.212500 0.662500 0.084375 0.100000
5 0.339062 0.689453 0.084375 0.103906
5 0.630469 0.807422 0.117188 0.202344
