8 0.389062 0.348047 0.037500 0.046094
8 0.316406 0.354297 0.039062 0.058594
2 0.624219 0.381641 0.067187 0.097656
5 0.311719 0.393359 0.039062 0.058594
5 0.379688 0.394141 0.046875 0.053906
2 0.235156 0.395313 0.085938 0.081250
5 0.581250 0.437109 0.050000 0.064844
2 0.771094 0.503125 0.117188 0.162500
2 0.218750 0.507422 0.153125 0.189844
8 0.617969 0.509766 0.067187 0.135156
5 0.339844 0.528125 0.070312 0.106250
8 0.672656 0.558984 0.120313 0.208594
5 0.517969 0.573047 0.073438 0.108594
2 0.932031 0.580078 0.135937 0.210156
5 0.555469 0.621875 0.098437 0.112500
2 0.859375 0.712891 0.243750 0.341406
5 0.567187 0.713672 0.137500 0.177344
2 0.915625 0.843750 0.168750 0.312500
5 0.727344 0.869141 0.195312 0.260156
5 0.617188 0.953125 0.146875 0.093750
