5 0.326562 0.415625 0.034375 0.043750
5 0.364063 0.425000 0.031250 0.037500
5 0.408594 0.430078 0.029687 0.035156
5 0.498437 0.432812 0.034375 0.043750
5 0.599219 0.446875 0.039062 0.043750
5 0.279687 0.449609 0.037500 0.039844
5 0.339844 0.464453 0.032813 0.041406
5 0.392188 0.481641 0.037500 0.041406
5 0.319531 0.493750 0.042188 0.056250
5 0.528125 0.512109 0.046875 0.071094
10 0.182812 0.528125 0.121875 0.162500
5 0.377344 0.527734 0.042188 0.058594
8 0.270313 0.533984 0.084375 0.121094
5 0.623437 0.537109 0.056250 0.071094
5 0.389844 0.565625 0.054688 0.081250
8 0.767969 0.634766 0.142187 0.222656
8 0.195312 0.644141 0.115625 0.153906
5 0.321875 0.657422 0.087500 0.102344
10 0.050000 0.666016 0.100000 0.216406
5 0.291406 0.810547 0.098437 0.121094
10 0.093750 0.828125 0.184375 0.337500
5 0.828906 0.896875 0.139063 0.206250
5 0.230469 0.941016 0.142187 0.116406
