5 0.389062 0.350391 0.040625 0.041406
6 0.324219 0.359375 0.054688 0.093750
5 0.380469 0.382422 0.048438 0.052344
5 0.354687 0.412891 0.046875 0.053906
5 0.642969 0.419141 0.039062 0.072656
2 0.717969 0.459766 0.135937 0.160156
5 0.609375 0.479687 0.075000 0.087500
5 0.334375 0.500391 0.068750 0.097656
5 0.517188 0.512109 0.075000 0.096094
8 0.764062 0.553125 0.090625 0.106250
5 0.875000 0.559766 0.100000 0.091406
5 0.548438 0.575000 0.084375 0.106250
5 0.682813 0.594141 0.087500 0.135156
5 0.172656 0.616797 0.148438 0.183594
5 0.857812 0.643750 0.096875 0.125000
2 0.961719 0.653516 0.076563 0.278906
5 0.261719 0.719141 0.120313 0.185156
5 0.621875 0.728125 0.115625 0.193750
6 0.792188 0.751563 0.184375 0.306250
8 0.582812 0.856250 0.171875 0.287500
6 0.947656 0.896875 0.104688 0.206250
