5 0.484375 0.390625 0.015625 0.025000
8 0.342969 0.396484 0.020313 0.033594
5 0.312500 0.398828 0.034375 0.035156
5 0.414844 0.408984 0.017188 0.027344
5 0.369531 0.414453 0.023438 0.041406
5 0.404687 0.437891 0.018750 0.035156
5 0.572656 0.446484 0.035937 0.046094
5 0.506250 0.449609 0.037500 0.052344
5 0.397656 0.456250 0.023438 0.043750
5 0.340625 0.464062 0.025000 0.056250
8 0.314844 0.473047 0.057813 0.096094
10 0.235937 0.482422 0.081250 0.127344
5 0.401562 0.491797 0.031250 0.058594
5 0.628906 0.545703 0.060937 0.091406
5 0.703906 0.550391 0.070312 0.091406
8 0.264844 0.550391 0.070312 0.122656
5 0.349219 0.571484 0.064062 0.089844
10 0.100000 0.605859 0.165625 0.233594
5 0.335938 0.642578 0.078125 0.110156
5 0.760156 0.771875 0.107813 0.150000
5 0.613281 0.784375 0.120313 0.175000
10 0.097656 0.792578 0.195312 0.335156
5 0.262500 0.869922 0.109375 0.202344
