11 0.595313 0.373047 0.040625 0.058594
5 0.375781 0.390234 0.032813 0.039844
5 0.565625 0.401953 0.037500 0.053906
5 0.301563 0.412109 0.040625 0.052344
11 0.221875 0.418359 0.062500 0.077344
5 0.647656 0.431641 0.042188 0.053906
11 0.164062 0.448828 0.075000 0.110156
5 0.504687 0.452734 0.043750 0.077344
5 0.359375 0.459766 0.053125 0.060156
11 0.612500 0.465234 0.062500 0.102344
5 0.520312 0.518359 0.056250 0.083594
5 0.332031 0.535547 0.067187 0.083594
11 0.782031 0.536328 0.064062 0.122656
11 0.162500 0.562891 0.121875 0.166406
12 0.739062 0.600391 0.218750 0.341406
11 0.925781 0.669141 0.145313 0.228906
3 0.626563 0.712109 0.215625 0.414844
5 0.248438 0.787891 0.112500 0.135156
