9 0.621094 0.373437 0.057813 0.087500
5 0.492188 0.390625 0.034375 0.043750
3 0.571875 0.391016 0.071875 0.116406
5 0.235156 0.412109 0.042188 0.052344
5 0.369531 0.412891 0.048438 0.060156
5 0.506250 0.447266 0.050000 0.053906
9 0.707812 0.455859 0.115625 0.158594
11 0.607031 0.479297 0.051562 0.108594
5 0.523438 0.515625 0.059375 0.075000
5 0.833594 0.530078 0.070312 0.085156
10 0.685156 0.550000 0.117188 0.206250
5 0.292969 0.612500 0.079687 0.087500
5 0.575781 0.669141 0.095312 0.141406
10 0.829688 0.759375 0.203125 0.343750
