6 0.262500 0.342187 0.062500 0.062500
5 0.383594 0.378516 0.032813 0.041406
5 0.557813 0.401172 0.031250 0.039844
2 0.186719 0.406641 0.073438 0.091406
6 0.265625 0.412109 0.093750 0.146094
5 0.585156 0.436328 0.048438 0.060156
5 0.512500 0.478125 0.050000 0.075000
10 0.735938 0.516016 0.093750 0.128906
6 0.153125 0.537500 0.178125 0.250000
5 0.631250 0.541016 0.065625 0.078906
5 0.551562 0.578125 0.075000 0.112500
8 0.035156 0.584766 0.070312 0.128906
10 0.727344 0.643750 0.139063 0.181250
5 0.275000 0.723437 0.106250 0.150000
