10 0.535156 0.358203 0.039062 0.066406
5 0.478906 0.379297 0.032813 0.046094
12 0.612500 0.384766 0.071875 0.078906
5 0.503125 0.391016 0.034375 0.035156
5 0.672656 0.399609 0.048438 0.058594
4 0.494531 0.426953 0.045312 0.091406
5 0.714063 0.432812 0.053125 0.056250
10 0.603125 0.471875 0.078125 0.118750
5 0.517188 0.497266 0.062500 0.085156
10 0.718750 0.502734 0.087500 0.108594
11 0.822656 0.574609 0.110937 0.102344
5 0.670312 0.585938 0.084375 0.112500
5 0.548438 0.618750 0.090625 0.131250
8 0.074219 0.755859 0.148438 0.302344
