5 0.479687 0.378125 0.028125 0.031250
5 0.494531 0.411328 0.035937 0.035156
9 0.291406 0.431641 0.064062 0.072656
5 0.399219 0.434375 0.054688 0.043750
5 0.353906 0.443359 0.042188 0.052344
10 0.213281 0.467578 0.064062 0.060156
5 0.327344 0.481641 0.045312 0.053906
5 0.382031 0.502734 0.067187 0.058594
8 0.671875 0.512891 0.053125 0.091406
10 0.613281 0.516797 0.067187 0.133594
10 0.245312 0.548438 0.150000 0.187500
10 0.088281 0.552734 0.148438 0.146094
5 0.374219 0.556641 0.073438 0.091406
5 0.344531 0.605078 0.079687 0.097656
5 0.327344 0.656641 0.101562 0.122656
9 0.124219 0.727734 0.248438 0.414844
5 0.296875 0.747266 0.140625 0.141406
5 0.264844 0.910937 0.142187 0.178125
