8 0.327344 0.312109 0.032813 0.046094
5 0.394531 0.331641 0.026562 0.035156
8 0.286719 0.350000 0.039062 0.056250
2 0.607812 0.348828 0.068750 0.110156
8 0.334375 0.356250 0.040625 0.056250
2 0.549219 0.365234 0.064062 0.108594
5 0.380469 0.365625 0.032813 0.043750
1 0.490625 0.380859 0.062500 0.108594
5 0.684375 0.410547 0.043750 0.058594
5 0.337500 0.521875 0.062500 0.068750
8 0.215625 0.534375 0.106250 0.131250
2 0.074219 0.543359 0.148438 0.171094
5 0.530469 0.550000 0.073438 0.100000
2 0.726562 0.603125 0.212500 0.325000
2 0.883594 0.609766 0.226562 0.297656
8 0.082812 0.762891 0.165625 0.253906
