5 0.385937 0.348438 0.028125 0.037500
5 0.501563 0.362500 0.021875 0.037500
5 0.478906 0.376953 0.023438 0.028906
11 0.521875 0.383984 0.025000 0.039844
5 0.486719 0.399609 0.023438 0.027344
5 0.567187 0.407422 0.031250 0.039844
5 0.534375 0.416797 0.028125 0.033594
5 0.487500 0.420703 0.031250 0.028906
11 0.631250 0.450000 0.062500 0.093750
5 0.510938 0.459375 0.040625 0.056250
5 0.567187 0.459766 0.046875 0.053906
5 0.627344 0.548047 0.073438 0.121094
5 0.547656 0.593359 0.070312 0.102344
5 0.680469 0.632422 0.085938 0.127344
10 0.882812 0.808984 0.234375 0.358594
