10 0.350781 0.416797 0.045312 0.071094
5 0.499219 0.423828 0.026562 0.035156
5 0.397656 0.446875 0.029687 0.031250
9 0.300000 0.480859 0.084375 0.139844
8 0.596094 0.508984 0.051562 0.083594
5 0.380469 0.508984 0.048438 0.064844
8 0.175781 0.537891 0.095312 0.097656
5 0.358594 0.555859 0.054688 0.071094
5 0.553906 0.587891 0.064062 0.097656
10 0.202344 0.611328 0.142187 0.172656
9 0.820312 0.615625 0.178125 0.237500
8 0.058594 0.663672 0.117188 0.152344
8 0.718750 0.666016 0.125000 0.216406
5 0.321875 0.716016 0.084375 0.110156
