10 0.346875 0.371484 0.031250 0.046094
10 0.329688 0.396875 0.043750 0.068750
5 0.423438 0.405859 0.021875 0.027344
5 0.403906 0.409766 0.023438 0.028906
8 0.362500 0.412500 0.037500 0.050000
5 0.291406 0.417187 0.032813 0.037500
5 0.396875 0.431641 0.031250 0.035156
8 0.564844 0.432812 0.054688 0.093750
10 0.341406 0.450391 0.048438 0.078906
5 0.399219 0.452734 0.035937 0.046094
8 0.264844 0.467187 0.060937 0.087500
5 0.390625 0.474609 0.040625 0.046094
5 0.307812 0.501953 0.046875 0.066406
5 0.608594 0.519141 0.054688 0.066406
5 0.364063 0.534375 0.053125 0.068750
5 0.198437 0.554297 0.059375 0.071094
5 0.269531 0.576953 0.060937 0.078906
5 0.629687 0.597266 0.084375 0.110156
5 0.596094 0.675000 0.095312 0.143750
5 0.147656 0.764062 0.117188 0.156250
5 0.210938 0.926562 0.181250 0.146875
