8 0.309375 0.333984 0.034375 0.058594
2 0.348438 0.333984 0.043750 0.071094
5 0.393750 0.337891 0.025000 0.028906
5 0.382812 0.352734 0.028125 0.033594
7 0.367188 0.368359 0.034375 0.052344
2 0.637500 0.378516 0.078125 0.122656
8 0.553125 0.387500 0.046875 0.087500
5 0.571094 0.424609 0.032813 0.052344
5 0.357812 0.428125 0.043750 0.068750
5 0.595313 0.447266 0.043750 0.066406
8 0.691406 0.454688 0.076563 0.125000
5 0.502344 0.462500 0.039062 0.062500
5 0.517188 0.495312 0.059375 0.081250
8 0.622656 0.509766 0.067187 0.135156
2 0.079687 0.526953 0.156250 0.216406
5 0.530469 0.534766 0.064062 0.085156
8 0.824219 0.546484 0.123438 0.171094
8 0.667969 0.549609 0.107813 0.202344
5 0.558594 0.576953 0.070312 0.103906
8 0.535937 0.623047 0.081250 0.158594
8 0.764844 0.650391 0.098437 0.160156
5 0.246094 0.717187 0.114062 0.150000
2 0.863281 0.733984 0.229687 0.389844
5 0.573438 0.742188 0.100000 0.175000
5 0.613281 0.862500 0.135937 0.206250
5 0.642969 0.950391 0.151562 0.097656
