5 0.569531 0.412891 0.039062 0.047656
5 0.280469 0.440234 0.054688 0.108594
5 0.592187 0.446484 0.043750 0.071094
8 0.134375 0.475391 0.103125 0.135156
5 0.517969 0.487891 0.048438 0.072656
5 0.530469 0.523438 0.054688 0.075000
2 0.864844 0.543750 0.223438 0.250000
8 0.682031 0.565234 0.139063 0.214844
5 0.556250 0.568359 0.075000 0.114844
8 0.541406 0.632422 0.104688 0.177344
5 0.157031 0.647266 0.139063 0.197656
5 0.817187 0.716016 0.109375 0.222656
5 0.585938 0.778516 0.165625 0.216406
5 0.631250 0.904297 0.181250 0.183594
