10 0.340625 0.378125 0.034375 0.050000
5 0.517969 0.396484 0.020313 0.033594
5 0.423438 0.405859 0.021875 0.027344
10 0.315625 0.406641 0.053125 0.078906
5 0.488281 0.405859 0.026562 0.033594
5 0.405469 0.409766 0.023438 0.028906
8 0.357031 0.418359 0.042188 0.058594
5 0.280469 0.428516 0.035937 0.035156
5 0.396875 0.428516 0.031250 0.035156
5 0.403906 0.444141 0.032813 0.028906
5 0.237500 0.458984 0.034375 0.039844
8 0.333594 0.462891 0.057813 0.085156
5 0.397656 0.469141 0.039062 0.047656
5 0.253906 0.480859 0.039062 0.052344
5 0.376563 0.509375 0.053125 0.062500
5 0.287500 0.527734 0.053125 0.071094
8 0.200781 0.528516 0.082812 0.103906
5 0.146094 0.535547 0.060937 0.071094
5 0.557813 0.581641 0.056250 0.085156
5 0.224219 0.650000 0.085938 0.100000
5 0.333594 0.662891 0.079687 0.103906
5 0.074219 0.712109 0.101562 0.114844
