5 0.360156 0.331250 0.023438 0.037500
5 0.564063 0.344922 0.034375 0.039844
5 0.524219 0.357422 0.029687 0.039844
5 0.580469 0.363672 0.029687 0.027344
5 0.605469 0.367578 0.032813 0.047656
5 0.328125 0.368359 0.034375 0.046094
5 0.542969 0.386328 0.029687 0.047656
5 0.374219 0.388672 0.032813 0.039844
5 0.485938 0.390625 0.037500 0.043750
2 0.663281 0.405859 0.095312 0.164844
2 0.578125 0.427734 0.075000 0.096094
5 0.502344 0.428516 0.045312 0.060156
5 0.293750 0.464062 0.053125 0.056250
5 0.512500 0.498828 0.056250 0.072656
5 0.791406 0.584766 0.089063 0.091406
5 0.685937 0.606250 0.084375 0.106250
5 0.547656 0.608203 0.079687 0.116406
