5 0.507031 0.391797 0.029687 0.033594
9 0.321875 0.410938 0.050000 0.062500
5 0.364844 0.417578 0.023438 0.035156
5 0.501563 0.423828 0.028125 0.035156
10 0.280469 0.424609 0.070312 0.058594
5 0.353906 0.441016 0.035937 0.035156
10 0.229687 0.453516 0.084375 0.072656
5 0.392188 0.453516 0.043750 0.053906
5 0.317969 0.505859 0.032813 0.071094
5 0.384375 0.525000 0.050000 0.075000
10 0.259375 0.531250 0.112500 0.162500
5 0.358594 0.575391 0.051562 0.066406
5 0.330469 0.644922 0.079687 0.114844
9 0.162500 0.655859 0.212500 0.308594
5 0.041406 0.665234 0.057813 0.102344
5 0.284375 0.759766 0.115625 0.135156
10 0.060937 0.865625 0.121875 0.268750
5 0.255469 0.914062 0.167187 0.171875
