5 0.383594 0.348047 0.029687 0.033594
5 0.289844 0.356250 0.032813 0.037500
10 0.541406 0.362891 0.045312 0.072656
5 0.482031 0.380859 0.035937 0.046094
9 0.657813 0.401562 0.075000 0.118750
5 0.504687 0.418750 0.040625 0.050000
5 0.360156 0.419141 0.042188 0.047656
3 0.600781 0.421484 0.082812 0.139844
5 0.735156 0.443359 0.054688 0.064844
5 0.532813 0.525000 0.065625 0.075000
9 0.806250 0.529687 0.165625 0.175000
11 0.677344 0.571484 0.085938 0.158594
5 0.569531 0.666797 0.089063 0.121094
10 0.814844 0.741016 0.204687 0.385156
5 0.172656 0.922266 0.170313 0.153906
