8 0.905469 0.351953 0.001563 0.003906
2 0.614844 0.378125 0.054688 0.081250
8 0.556250 0.379297 0.056250 0.083594
5 0.483594 0.381250 0.042188 0.031250
5 0.244531 0.405859 0.048438 0.071094
5 0.568750 0.418359 0.034375 0.046094
8 0.681250 0.425000 0.062500 0.093750
5 0.354687 0.428125 0.050000 0.062500
5 0.500781 0.436328 0.057813 0.047656
5 0.590625 0.438672 0.037500 0.039844
5 0.261719 0.472266 0.067187 0.060156
5 0.506250 0.475391 0.068750 0.066406
8 0.755469 0.487891 0.110937 0.147656
5 0.343750 0.500000 0.065625 0.075000
5 0.528125 0.515234 0.084375 0.052344
8 0.669531 0.540234 0.085938 0.183594
8 0.598437 0.580859 0.003125 0.002344
8 0.529687 0.600000 0.096875 0.150000
8 0.732031 0.632422 0.054688 0.139844
5 0.579688 0.709375 0.112500 0.125000
5 0.700781 0.718359 0.001563 0.002344
8 0.727344 0.771875 0.001563 0.006250
5 0.603906 0.846484 0.160938 0.189844
5 0.644531 0.950000 0.157812 0.100000
