1 0.367969 0.299609 0.032813 0.052344
2 0.310937 0.380859 0.053125 0.083594
2 0.202344 0.416797 0.092188 0.108594
5 0.288281 0.434766 0.045312 0.060156
2 0.664844 0.440625 0.067187 0.062500
5 0.360156 0.448437 0.051562 0.062500
2 0.754687 0.489453 0.106250 0.153906
5 0.521094 0.496484 0.064062 0.064844
2 0.630469 0.500000 0.085938 0.112500
5 0.828125 0.512500 0.046875 0.062500
2 0.667188 0.543750 0.090625 0.200000
5 0.523438 0.562109 0.081250 0.121094
2 0.921094 0.571484 0.157812 0.177344
5 0.559375 0.615234 0.090625 0.102344
8 0.742969 0.628125 0.067187 0.143750
5 0.560937 0.702734 0.093750 0.146094
2 0.104688 0.712891 0.209375 0.385156
2 0.875000 0.771875 0.250000 0.456250
5 0.251563 0.796484 0.150000 0.189844
5 0.722656 0.870313 0.142187 0.259375
5 0.595313 0.928125 0.128125 0.143750
