5 0.296875 0.421484 0.028125 0.033594
5 0.578125 0.421875 0.028125 0.043750
5 0.541406 0.423438 0.032813 0.050000
5 0.355469 0.437891 0.029687 0.035156
5 0.402344 0.448437 0.029687 0.037500
5 0.498437 0.453125 0.037500 0.050000
5 0.563281 0.469141 0.035937 0.041406
5 0.332813 0.476562 0.037500 0.056250
5 0.389062 0.490234 0.034375 0.046094
10 0.206250 0.492188 0.096875 0.125000
8 0.296875 0.502734 0.071875 0.102344
5 0.396094 0.524609 0.045312 0.064844
5 0.749219 0.603516 0.079687 0.103906
8 0.219531 0.608984 0.104688 0.152344
5 0.570312 0.610547 0.075000 0.096094
5 0.330469 0.621875 0.073438 0.093750
10 0.071875 0.637891 0.143750 0.241406
5 0.311719 0.738672 0.092188 0.114844
10 0.093750 0.828125 0.187500 0.343750
5 0.237500 0.926562 0.146875 0.146875
