5 0.542969 0.419141 0.029687 0.035156
5 0.313281 0.433984 0.029687 0.039844
5 0.496094 0.437109 0.026562 0.039844
5 0.347656 0.441016 0.032813 0.047656
5 0.395313 0.451172 0.037500 0.039844
11 0.564063 0.455859 0.040625 0.052344
11 0.279687 0.458984 0.046875 0.052344
5 0.329688 0.470703 0.037500 0.041406
5 0.397656 0.484766 0.042188 0.041406
5 0.314063 0.502734 0.043750 0.046094
5 0.214844 0.520312 0.045312 0.056250
5 0.377344 0.525391 0.045312 0.047656
5 0.304688 0.531641 0.040625 0.066406
5 0.373437 0.566016 0.046875 0.047656
11 0.244531 0.568750 0.092188 0.125000
10 0.095312 0.577734 0.153125 0.171094
5 0.554688 0.587891 0.062500 0.085156
5 0.383594 0.612891 0.064062 0.085156
11 0.196094 0.641016 0.117188 0.160156
10 0.035156 0.684375 0.070312 0.187500
5 0.312500 0.691016 0.090625 0.103906
5 0.601562 0.752734 0.100000 0.171094
11 0.807813 0.784766 0.162500 0.285156
5 0.293750 0.809375 0.100000 0.125000
10 0.091406 0.828516 0.182812 0.341406
5 0.228125 0.941016 0.150000 0.116406
