9 0.525781 0.367188 0.026562 0.037500
5 0.488281 0.412109 0.029687 0.033594
5 0.407813 0.416016 0.037500 0.041406
5 0.364063 0.422266 0.028125 0.035156
10 0.272656 0.432422 0.057813 0.077344
8 0.559375 0.442578 0.043750 0.060156
5 0.357812 0.456250 0.018750 0.043750
10 0.314844 0.465625 0.076563 0.112500
5 0.393750 0.473438 0.040625 0.050000
8 0.242188 0.484375 0.050000 0.075000
10 0.603125 0.497266 0.068750 0.122656
5 0.378125 0.511328 0.040625 0.072656
5 0.532031 0.535547 0.057813 0.083594
9 0.164062 0.637109 0.218750 0.308594
5 0.334375 0.649609 0.087500 0.114844
5 0.291406 0.759375 0.120313 0.143750
10 0.062500 0.859766 0.125000 0.278906
5 0.264062 0.912109 0.140625 0.164844
