5 0.488281 0.393750 0.026562 0.043750
9 0.294531 0.426953 0.060937 0.078906
5 0.360156 0.439063 0.042188 0.043750
5 0.502344 0.442188 0.035937 0.050000
5 0.339062 0.471875 0.040625 0.037500
5 0.388281 0.498437 0.057813 0.062500
10 0.241406 0.543750 0.142187 0.156250
5 0.372656 0.543359 0.060937 0.096094
10 0.126562 0.558984 0.146875 0.158594
5 0.348438 0.598437 0.056250 0.075000
8 0.773438 0.603125 0.106250 0.150000
10 0.678125 0.606641 0.106250 0.197656
5 0.334375 0.650000 0.081250 0.118750
9 0.124219 0.703516 0.248438 0.360156
5 0.292969 0.762891 0.126562 0.128906
5 0.271875 0.909375 0.159375 0.181250
