5 0.596094 0.375000 0.039062 0.050000
5 0.478125 0.381641 0.034375 0.041406
5 0.548438 0.397266 0.040625 0.047656
6 0.213281 0.409766 0.060937 0.078906
5 0.624219 0.413672 0.039062 0.052344
5 0.495312 0.418359 0.040625 0.046094
8 0.680469 0.443359 0.067187 0.102344
5 0.509375 0.467187 0.046875 0.062500
5 0.600000 0.472266 0.056250 0.072656
2 0.803906 0.523438 0.195312 0.287500
5 0.558594 0.591797 0.085938 0.121094
2 0.723437 0.628516 0.184375 0.253906
5 0.961719 0.637891 0.076563 0.122656
5 0.248438 0.707422 0.115625 0.139844
5 0.638281 0.830859 0.135937 0.202344
