8 0.331250 0.409375 0.031250 0.037500
5 0.367969 0.412891 0.029687 0.035156
7 0.411719 0.423047 0.029687 0.033594
5 0.353906 0.443359 0.026562 0.033594
5 0.500781 0.446875 0.032813 0.043750
5 0.403125 0.452734 0.031250 0.039844
10 0.249219 0.470313 0.060937 0.081250
8 0.636719 0.471484 0.045312 0.064844
10 0.315625 0.487109 0.059375 0.077344
5 0.388281 0.495703 0.039062 0.041406
8 0.198437 0.506641 0.065625 0.085156
8 0.609375 0.512500 0.059375 0.087500
10 0.137500 0.569922 0.096875 0.152344
8 0.235937 0.574609 0.084375 0.121094
5 0.574219 0.650391 0.073438 0.116406
5 0.339844 0.681250 0.079687 0.100000
