5 0.372656 0.405078 0.029687 0.035156
8 0.331250 0.409375 0.031250 0.037500
7 0.411719 0.421484 0.029687 0.033594
5 0.353906 0.443359 0.026562 0.033594
5 0.403125 0.452734 0.031250 0.039844
10 0.259375 0.462109 0.050000 0.083594
5 0.510938 0.472266 0.037500 0.053906
10 0.315625 0.483984 0.059375 0.077344
5 0.391406 0.494141 0.039062 0.041406
8 0.660937 0.497266 0.059375 0.078906
8 0.201563 0.503516 0.065625 0.085156
8 0.629687 0.543750 0.068750 0.100000
8 0.250000 0.562109 0.084375 0.121094
10 0.145313 0.566797 0.096875 0.146094
5 0.342969 0.658203 0.073438 0.091406
5 0.621875 0.780078 0.106250 0.160156
8 0.100781 0.795312 0.170313 0.256250
5 0.286719 0.884375 0.135937 0.181250
