5 0.328906 0.358984 0.029687 0.033594
3 0.539062 0.360938 0.062500 0.087500
5 0.373437 0.360547 0.034375 0.033594
5 0.473438 0.364063 0.028125 0.031250
9 0.662500 0.387500 0.100000 0.112500
5 0.481250 0.393750 0.037500 0.043750
5 0.363281 0.421484 0.042188 0.052344
5 0.273438 0.425000 0.043750 0.043750
5 0.490625 0.435937 0.050000 0.062500
3 0.585156 0.435547 0.082812 0.158594
5 0.509375 0.453125 0.043750 0.037500
5 0.716406 0.490234 0.035937 0.064844
9 0.655469 0.495312 0.123438 0.218750
5 0.514844 0.506250 0.064062 0.087500
5 0.760938 0.525391 0.065625 0.072656
5 0.551562 0.573047 0.096875 0.121094
5 0.797656 0.578516 0.070312 0.097656
5 0.859375 0.604297 0.093750 0.071094
5 0.693750 0.615625 0.087500 0.137500
5 0.559375 0.656250 0.096875 0.118750
5 0.580469 0.755859 0.117188 0.171094
9 0.884375 0.817187 0.231250 0.365625
5 0.648438 0.898828 0.150000 0.197656
