5 0.596094 0.375000 0.039062 0.050000
5 0.548438 0.397266 0.040625 0.047656
5 0.624219 0.413672 0.039062 0.052344
6 0.207813 0.417187 0.068750 0.087500
5 0.495312 0.421484 0.040625 0.046094
8 0.680469 0.443359 0.067187 0.102344
5 0.593750 0.456641 0.056250 0.072656
5 0.509375 0.467187 0.046875 0.062500
2 0.803906 0.523438 0.195312 0.287500
5 0.552344 0.579688 0.082812 0.112500
5 0.949219 0.608984 0.101562 0.114844
2 0.710156 0.610938 0.176563 0.237500
5 0.221094 0.787109 0.129688 0.171094
5 0.625781 0.804297 0.129688 0.196094
