3 0.548438 0.362500 0.062500 0.087500
9 0.662500 0.387500 0.100000 0.112500
5 0.481250 0.393750 0.037500 0.043750
5 0.490625 0.435937 0.050000 0.062500
3 0.585156 0.435547 0.082812 0.158594
5 0.509375 0.453125 0.043750 0.037500
5 0.716406 0.490234 0.035937 0.064844
9 0.655469 0.500391 0.123438 0.228906
5 0.514844 0.506250 0.064062 0.087500
5 0.760938 0.525391 0.065625 0.072656
5 0.551562 0.573047 0.096875 0.121094
5 0.797656 0.578516 0.070312 0.097656
5 0.291406 0.625391 0.085938 0.122656
5 0.885156 0.644922 0.117188 0.152344
5 0.745313 0.690625 0.115625 0.150000
5 0.576562 0.709375 0.106250 0.150000
5 0.974219 0.812500 0.051562 0.168750
5 0.046094 0.817578 0.092188 0.147656
