8 0.570312 0.408203 0.025000 0.053906
5 0.413281 0.412500 0.023438 0.037500
9 0.311719 0.420703 0.045312 0.078906
10 0.542188 0.422266 0.037500 0.060156
5 0.408594 0.437500 0.029687 0.043750
9 0.280469 0.437109 0.057813 0.083594
5 0.339844 0.456250 0.048438 0.037500
5 0.397656 0.458984 0.029687 0.052344
5 0.382812 0.480859 0.034375 0.027344
5 0.319531 0.495312 0.042188 0.056250
5 0.379688 0.502734 0.040625 0.052344
5 0.525000 0.507422 0.043750 0.077344
5 0.302344 0.534375 0.029687 0.081250
10 0.160156 0.538672 0.101562 0.139844
5 0.375000 0.553125 0.046875 0.075000
10 0.226562 0.556250 0.137500 0.187500
5 0.350781 0.594141 0.057813 0.072656
5 0.330469 0.656641 0.076563 0.116406
5 0.297656 0.740234 0.082812 0.114844
9 0.101562 0.785937 0.203125 0.428125
5 0.921094 0.787109 0.139063 0.183594
5 0.683594 0.907813 0.160938 0.184375
