5 0.316406 0.432422 0.029687 0.039844
5 0.564844 0.433984 0.035937 0.039844
5 0.350000 0.436328 0.031250 0.035156
5 0.398438 0.446875 0.034375 0.037500
8 0.285156 0.451562 0.045312 0.056250
5 0.503125 0.455859 0.034375 0.046094
5 0.332031 0.468359 0.039062 0.039844
8 0.578125 0.477734 0.046875 0.071094
5 0.398438 0.482422 0.040625 0.039844
5 0.316406 0.500000 0.042188 0.043750
5 0.221875 0.507422 0.040625 0.039844
5 0.378125 0.523438 0.043750 0.050000
5 0.304688 0.531641 0.040625 0.066406
8 0.244531 0.568750 0.092188 0.125000
5 0.372656 0.569141 0.045312 0.053906
10 0.106250 0.568359 0.153125 0.171094
5 0.382031 0.612891 0.067187 0.085156
8 0.196094 0.641016 0.117188 0.160156
10 0.035156 0.684375 0.070312 0.187500
5 0.310156 0.691016 0.095312 0.103906
5 0.599219 0.696875 0.089063 0.118750
5 0.291406 0.809375 0.104688 0.125000
10 0.091406 0.828516 0.182812 0.341406
5 0.228125 0.941016 0.150000 0.116406
5 0.675781 0.944141 0.139063 0.110156
