9 0.316406 0.414453 0.042188 0.066406
10 0.544531 0.419141 0.048438 0.078906
9 0.273438 0.443359 0.081250 0.089844
5 0.397656 0.453516 0.032813 0.041406
5 0.340625 0.458984 0.034375 0.046094
5 0.320312 0.490625 0.040625 0.043750
5 0.378125 0.506250 0.046875 0.056250
5 0.528906 0.523438 0.051562 0.087500
10 0.161719 0.524609 0.095312 0.127344
5 0.371875 0.552734 0.050000 0.064844
8 0.223438 0.557813 0.137500 0.193750
5 0.346875 0.606250 0.068750 0.075000
5 0.329688 0.664062 0.081250 0.118750
5 0.290625 0.758984 0.103125 0.146094
10 0.098437 0.778516 0.196875 0.441406
5 0.260937 0.912500 0.146875 0.175000
