8 0.338281 0.348828 0.048438 0.072656
8 0.385937 0.356641 0.046875 0.066406
5 0.534375 0.415625 0.065625 0.081250
8 0.604688 0.425000 0.065625 0.100000
5 0.349219 0.441016 0.067187 0.072656
5 0.500781 0.472266 0.054688 0.066406
5 0.807031 0.497266 0.095312 0.091406
5 0.522656 0.520312 0.079687 0.093750
8 0.701562 0.521875 0.143750 0.200000
5 0.308594 0.572266 0.104688 0.147656
5 0.552344 0.612891 0.095312 0.122656
5 0.957812 0.632422 0.084375 0.152344
5 0.583594 0.716797 0.126562 0.183594
2 0.839844 0.750000 0.320312 0.500000
2 0.071875 0.775391 0.140625 0.447656
5 0.642188 0.920312 0.153125 0.159375
