8 0.314063 0.371875 0.040625 0.068750
5 0.370312 0.405078 0.034375 0.047656
8 0.671094 0.417578 0.076563 0.097656
5 0.575000 0.422266 0.040625 0.053906
5 0.498437 0.427734 0.040625 0.046094
5 0.504687 0.444141 0.034375 0.028906
5 0.586719 0.444141 0.039062 0.066406
8 0.510156 0.502734 0.067187 0.102344
8 0.613281 0.515234 0.045312 0.146094
8 0.753125 0.516797 0.084375 0.096094
8 0.671094 0.558203 0.114062 0.191406
5 0.517188 0.587500 0.081250 0.125000
8 0.733594 0.638672 0.076563 0.152344
5 0.553906 0.659375 0.101562 0.162500
5 0.610156 0.889062 0.185938 0.221875
