8 0.315625 0.419141 0.034375 0.041406
5 0.360156 0.423828 0.029687 0.035156
7 0.407031 0.437109 0.029687 0.039844
5 0.337500 0.449609 0.028125 0.027344
5 0.337500 0.474609 0.031250 0.039844
5 0.397656 0.473828 0.035937 0.047656
10 0.228906 0.490625 0.064062 0.087500
10 0.283594 0.521875 0.067187 0.093750
5 0.382812 0.528125 0.050000 0.056250
8 0.168750 0.535547 0.078125 0.096094
10 0.817969 0.612500 0.145313 0.218750
10 0.075781 0.629687 0.117188 0.175000
8 0.175000 0.662500 0.128125 0.175000
5 0.317188 0.763672 0.093750 0.127344
