5 0.369531 0.321875 0.023438 0.037500
5 0.564063 0.344922 0.034375 0.039844
5 0.524219 0.357422 0.029687 0.039844
5 0.580469 0.363672 0.029687 0.027344
5 0.332813 0.365234 0.034375 0.046094
5 0.605469 0.367578 0.032813 0.047656
5 0.378906 0.377734 0.032813 0.039844
5 0.542969 0.386328 0.029687 0.047656
5 0.485938 0.390625 0.037500 0.043750
2 0.678125 0.412891 0.109375 0.178906
5 0.502344 0.428516 0.045312 0.060156
2 0.584375 0.432422 0.075000 0.114844
5 0.314844 0.437500 0.048438 0.056250
5 0.517188 0.510547 0.059375 0.083594
5 0.805469 0.594922 0.092188 0.102344
5 0.553906 0.631250 0.079687 0.125000
5 0.703906 0.633203 0.089063 0.116406
