8 0.376563 0.274609 0.025000 0.039844
5 0.453906 0.275000 0.001563 0.006250
8 0.340625 0.278516 0.028125 0.035156
8 0.412500 0.278516 0.025000 0.041406
8 0.353906 0.281250 0.004687 0.006250
5 0.453125 0.290234 0.018750 0.027344
5 0.459375 0.304297 0.018750 0.021094
8 0.353906 0.308203 0.035937 0.053906
2 0.503906 0.312500 0.029687 0.075000
5 0.464844 0.321484 0.023438 0.027344
8 0.389844 0.330859 0.035937 0.064844
2 0.583594 0.344141 0.045312 0.066406
5 0.471875 0.352734 0.025000 0.033594
5 0.321875 0.353516 0.034375 0.041406
8 0.528125 0.359766 0.040625 0.078906
2 0.316406 0.376172 0.001563 0.014844
2 0.607031 0.390625 0.051562 0.062500
5 0.482812 0.396484 0.028125 0.033594
8 0.560937 0.398047 0.037500 0.083594
2 0.657813 0.418359 0.053125 0.083594
5 0.570312 0.437500 0.025000 0.043750
5 0.496094 0.443359 0.035937 0.033594
5 0.595313 0.457422 0.034375 0.064844
5 0.509375 0.471875 0.040625 0.043750
2 0.732031 0.487891 0.082812 0.128906
8 0.628125 0.541016 0.059375 0.141406
5 0.524219 0.562109 0.060937 0.102344
8 0.680469 0.564453 0.092188 0.191406
5 0.065625 0.583984 0.093750 0.108594
2 0.822656 0.637891 0.007812 0.010156
5 0.742188 0.650391 0.043750 0.135156
5 0.557031 0.686328 0.082812 0.122656
2 0.857812 0.727734 0.181250 0.314844
5 0.225000 0.823438 0.131250 0.200000
2 0.930469 0.829688 0.139063 0.262500
5 0.617969 0.846875 0.114062 0.162500
5 0.639844 0.955859 0.117188 0.052344
