5 0.303125 0.411328 0.040625 0.060156
8 0.148438 0.462109 0.081250 0.108594
5 0.520312 0.496875 0.065625 0.093750
8 0.627344 0.496484 0.092188 0.127344
5 0.716406 0.512891 0.054688 0.103906
5 0.532031 0.521875 0.054688 0.081250
2 0.871875 0.542578 0.225000 0.235156
8 0.677344 0.556641 0.142187 0.178906
5 0.560156 0.574609 0.070312 0.121094
5 0.214844 0.583984 0.092188 0.139844
8 0.542969 0.628125 0.079687 0.156250
8 0.825000 0.743359 0.125000 0.208594
5 0.595313 0.787500 0.121875 0.200000
5 0.637500 0.928516 0.146875 0.141406
