8 0.312500 0.398438 0.053125 0.075000
2 0.696094 0.433203 0.101562 0.128906
2 0.583594 0.434766 0.082812 0.147656
5 0.515625 0.451172 0.043750 0.064844
2 0.119531 0.480859 0.142187 0.164844
5 0.810156 0.503516 0.085938 0.091406
5 0.339844 0.506250 0.060937 0.093750
5 0.517188 0.509766 0.053125 0.110156
2 0.678125 0.532813 0.109375 0.181250
5 0.546875 0.577734 0.087500 0.146094
8 0.192969 0.593750 0.107813 0.168750
5 0.580469 0.702734 0.101562 0.152344
2 0.881250 0.821875 0.218750 0.356250
5 0.617969 0.842578 0.114062 0.235156
5 0.232813 0.868359 0.128125 0.214844
