10 0.280469 0.437109 0.064062 0.096094
5 0.391406 0.442188 0.026562 0.037500
5 0.246875 0.446484 0.037500 0.039844
5 0.506250 0.455859 0.031250 0.052344
5 0.341406 0.459766 0.032813 0.041406
5 0.228125 0.480859 0.037500 0.046094
5 0.642969 0.490234 0.045312 0.052344
10 0.303906 0.498828 0.076563 0.110156
5 0.390625 0.498828 0.040625 0.047656
5 0.150000 0.530859 0.062500 0.052344
5 0.612500 0.540625 0.056250 0.068750
5 0.535937 0.556250 0.050000 0.081250
5 0.359375 0.562891 0.053125 0.078906
5 0.152344 0.577734 0.067187 0.083594
5 0.222656 0.621484 0.076563 0.096094
8 0.056250 0.702734 0.109375 0.189844
5 0.232813 0.730078 0.125000 0.122656
5 0.593750 0.746484 0.100000 0.183594
8 0.807813 0.791016 0.178125 0.278906
