10 0.337500 0.435937 0.056250 0.062500
5 0.507031 0.459375 0.039062 0.056250
5 0.388281 0.471875 0.039062 0.043750
8 0.235937 0.491016 0.059375 0.091406
1 0.296094 0.492188 0.085938 0.125000
9 0.700000 0.496484 0.115625 0.121094
5 0.383594 0.501953 0.042188 0.041406
10 0.178906 0.533203 0.085938 0.078906
5 0.370312 0.544141 0.050000 0.060156
5 0.349219 0.601172 0.064062 0.064844
5 0.553906 0.608984 0.070312 0.102344
10 0.057031 0.656641 0.114062 0.197656
5 0.324219 0.671875 0.085938 0.106250
1 0.784375 0.673828 0.237500 0.322656
9 0.155469 0.691016 0.210938 0.291406
7 0.282031 0.862891 0.129688 0.185156
5 0.697656 0.916016 0.145313 0.166406
