9 0.372656 0.394141 0.042188 0.066406
12 0.327344 0.400000 0.045312 0.068750
5 0.514844 0.400391 0.026562 0.028906
5 0.406250 0.429688 0.034375 0.037500
5 0.361719 0.432422 0.032813 0.039844
8 0.290625 0.447266 0.043750 0.060156
5 0.500000 0.448437 0.034375 0.050000
5 0.394531 0.458984 0.032813 0.039844
8 0.235937 0.500391 0.059375 0.078906
7 0.382031 0.518359 0.045312 0.064844
5 0.296094 0.519141 0.048438 0.053906
10 0.642969 0.539062 0.079687 0.131250
5 0.364063 0.585547 0.059375 0.071094
5 0.246094 0.590234 0.060937 0.058594
10 0.089844 0.625000 0.126562 0.156250
5 0.226562 0.669141 0.084375 0.091406
5 0.314844 0.735938 0.095312 0.112500
