2 0.389062 0.276562 0.018750 0.031250
5 0.406250 0.286328 0.018750 0.022656
8 0.355469 0.289453 0.020313 0.028906
5 0.400000 0.301172 0.018750 0.027344
2 0.316406 0.315234 0.042188 0.064844
5 0.399219 0.319141 0.017188 0.035156
8 0.335156 0.352734 0.039062 0.058594
8 0.263281 0.354297 0.051562 0.071094
5 0.388281 0.369141 0.032813 0.035156
5 0.481250 0.381250 0.034375 0.056250
8 0.553125 0.387500 0.046875 0.087500
5 0.371875 0.393750 0.037500 0.050000
5 0.571094 0.424609 0.032813 0.052344
5 0.486719 0.426953 0.035937 0.066406
2 0.700000 0.430859 0.115625 0.189844
5 0.595313 0.447266 0.043750 0.066406
5 0.346094 0.460547 0.051562 0.058594
5 0.502344 0.462500 0.039062 0.062500
5 0.517188 0.495312 0.059375 0.081250
8 0.622656 0.509766 0.067187 0.135156
8 0.782031 0.532813 0.123438 0.193750
5 0.530469 0.534766 0.064062 0.085156
8 0.667969 0.549609 0.107813 0.202344
5 0.558594 0.576953 0.070312 0.103906
8 0.535937 0.623047 0.081250 0.158594
8 0.764844 0.650391 0.098437 0.160156
2 0.863281 0.733984 0.229687 0.389844
5 0.573438 0.742188 0.100000 0.175000
2 0.085156 0.759375 0.170313 0.481250
5 0.613281 0.862500 0.135937 0.206250
5 0.642969 0.950391 0.151562 0.097656
