10 0.523438 0.387500 0.031250 0.062500
10 0.337500 0.391797 0.034375 0.058594
10 0.368750 0.403516 0.037500 0.053906
5 0.487500 0.412109 0.028125 0.033594
9 0.293750 0.415625 0.062500 0.093750
5 0.409375 0.426172 0.028125 0.039844
8 0.597656 0.443359 0.045312 0.052344
5 0.401562 0.459766 0.037500 0.041406
12 0.233594 0.482422 0.092188 0.139844
9 0.299219 0.485938 0.089063 0.137500
5 0.188281 0.493750 0.042188 0.050000
5 0.375000 0.512891 0.046875 0.053906
5 0.357031 0.581250 0.064062 0.081250
8 0.117969 0.621875 0.114062 0.143750
5 0.222656 0.644141 0.092188 0.097656
7 0.335156 0.684375 0.085938 0.118750
5 0.296094 0.833984 0.114062 0.146094
