5 0.473438 0.368359 0.012500 0.021094
5 0.483594 0.397266 0.020313 0.028906
5 0.557031 0.408203 0.023438 0.028906
10 0.355469 0.422266 0.042188 0.066406
9 0.290625 0.428125 0.056250 0.081250
5 0.400000 0.449609 0.034375 0.039844
5 0.512500 0.454297 0.028125 0.046094
9 0.246094 0.462500 0.073438 0.081250
5 0.392188 0.468750 0.037500 0.043750
5 0.335938 0.479297 0.037500 0.046094
5 0.378906 0.482422 0.032813 0.027344
5 0.312500 0.502734 0.037500 0.046094
5 0.375781 0.509766 0.045312 0.060156
5 0.289844 0.550000 0.042188 0.087500
5 0.373437 0.551953 0.046875 0.066406
5 0.545312 0.592578 0.071875 0.110156
10 0.190625 0.601953 0.175000 0.228906
5 0.352344 0.604688 0.067187 0.062500
10 0.063281 0.633984 0.126562 0.208594
5 0.331250 0.668359 0.096875 0.121094
5 0.290625 0.769141 0.109375 0.141406
