5 0.383594 0.357812 0.029687 0.043750
8 0.654687 0.415625 0.075000 0.087500
8 0.358594 0.423438 0.045312 0.062500
8 0.184375 0.430078 0.084375 0.085156
5 0.589844 0.437109 0.032813 0.039844
5 0.502344 0.447266 0.051562 0.047656
5 0.517969 0.482812 0.051562 0.056250
8 0.759375 0.498437 0.103125 0.150000
8 0.639062 0.503516 0.090625 0.128906
8 0.337500 0.514062 0.059375 0.081250
5 0.535156 0.529687 0.060937 0.075000
8 0.662500 0.540625 0.093750 0.187500
5 0.560156 0.576172 0.079687 0.114844
8 0.886719 0.587109 0.173437 0.202344
8 0.536719 0.615625 0.073438 0.131250
2 0.146875 0.619922 0.196875 0.327344
5 0.594531 0.701172 0.120313 0.127344
2 0.862500 0.726172 0.218750 0.352344
5 0.610938 0.831250 0.112500 0.150000
2 0.923438 0.841797 0.146875 0.296094
5 0.642969 0.953125 0.120313 0.093750
