8 0.767188 0.494141 0.093750 0.122656
8 0.530469 0.513672 0.051562 0.052344
8 0.670312 0.543750 0.093750 0.206250
5 0.560937 0.571484 0.062500 0.108594
5 0.320312 0.588672 0.075000 0.102344
2 0.908594 0.602734 0.167187 0.183594
8 0.535156 0.612500 0.067187 0.125000
8 0.754687 0.631250 0.071875 0.143750
2 0.846094 0.685547 0.192188 0.283594
5 0.584375 0.706641 0.090625 0.110156
5 0.178906 0.717187 0.104688 0.125000
5 0.609375 0.833203 0.112500 0.141406
2 0.928125 0.844141 0.134375 0.285156
5 0.643750 0.948438 0.128125 0.103125
