8 0.554688 0.386328 0.046875 0.072656
5 0.494531 0.398047 0.035937 0.033594
5 0.367188 0.401562 0.037500 0.043750
5 0.624219 0.404687 0.060937 0.050000
5 0.489844 0.416016 0.032813 0.041406
5 0.572656 0.422266 0.039062 0.047656
5 0.292969 0.428125 0.048438 0.056250
5 0.498437 0.429297 0.037500 0.033594
5 0.503906 0.466797 0.045312 0.071094
6 0.739062 0.476172 0.131250 0.152344
5 0.340625 0.478516 0.050000 0.072656
6 0.089063 0.500000 0.134375 0.168750
5 0.246875 0.503125 0.056250 0.068750
5 0.637500 0.531250 0.075000 0.087500
5 0.521094 0.537891 0.057813 0.085156
5 0.860156 0.550000 0.079687 0.081250
8 0.816406 0.605859 0.098437 0.108594
5 0.560156 0.622266 0.079687 0.103906
5 0.127344 0.675000 0.095312 0.112500
5 0.922656 0.722266 0.123438 0.135156
5 0.782031 0.746484 0.123438 0.171094
5 0.653906 0.834375 0.132812 0.200000
