5 0.297656 0.337109 0.032813 0.046094
8 0.339844 0.338672 0.029687 0.052344
5 0.388281 0.342578 0.029687 0.035156
2 0.612500 0.362891 0.065625 0.103906
2 0.553125 0.371484 0.059375 0.102344
1 0.491406 0.390234 0.070312 0.121094
5 0.724219 0.443750 0.051562 0.056250
5 0.358594 0.444141 0.045312 0.060156
5 0.665625 0.446875 0.053125 0.081250
8 0.270313 0.450000 0.071875 0.081250
8 0.129688 0.483203 0.121875 0.153906
8 0.197656 0.565234 0.107813 0.158594
5 0.553125 0.617578 0.084375 0.110156
5 0.319531 0.625000 0.082812 0.100000
2 0.924219 0.690234 0.151562 0.358594
8 0.050781 0.706250 0.101562 0.225000
2 0.829688 0.742578 0.306250 0.485156
