5 0.360156 0.423828 0.029687 0.035156
8 0.310937 0.425391 0.034375 0.041406
7 0.407031 0.437109 0.029687 0.039844
5 0.337500 0.449609 0.028125 0.027344
5 0.337500 0.474609 0.031250 0.039844
5 0.397656 0.473828 0.035937 0.047656
10 0.228125 0.487891 0.065625 0.091406
10 0.286719 0.521875 0.067187 0.093750
5 0.381250 0.534375 0.050000 0.056250
8 0.165625 0.540234 0.078125 0.096094
10 0.779687 0.578516 0.125000 0.185156
10 0.071094 0.646484 0.126562 0.196094
8 0.164062 0.679297 0.134375 0.183594
5 0.314844 0.782422 0.104688 0.127344
