5 0.393750 0.340234 0.025000 0.027344
8 0.300000 0.342187 0.037500 0.062500
2 0.343750 0.343750 0.050000 0.075000
5 0.375000 0.365625 0.031250 0.037500
2 0.637500 0.378516 0.078125 0.122656
8 0.553125 0.387500 0.046875 0.087500
7 0.351562 0.392188 0.046875 0.062500
5 0.571094 0.424609 0.032813 0.052344
8 0.683594 0.446875 0.076563 0.125000
5 0.595313 0.447266 0.043750 0.066406
5 0.502344 0.462500 0.039062 0.062500
5 0.347656 0.468359 0.057813 0.077344
5 0.517188 0.495312 0.059375 0.081250
8 0.622656 0.509766 0.067187 0.135156
5 0.530469 0.534766 0.064062 0.085156
8 0.817969 0.537109 0.123438 0.171094
8 0.667969 0.549609 0.107813 0.202344
5 0.558594 0.576953 0.070312 0.103906
2 0.050781 0.583203 0.101562 0.253906
8 0.535937 0.623047 0.081250 0.158594
8 0.764844 0.650391 0.098437 0.160156
2 0.863281 0.733984 0.229687 0.389844
5 0.573438 0.742188 0.100000 0.175000
5 0.613281 0.862500 0.135937 0.206250
5 0.642969 0.950391 0.151562 0.097656
