5 0.388281 0.343359 0.029687 0.039844
8 0.550000 0.390625 0.046875 0.087500
8 0.636719 0.398828 0.057813 0.110156
5 0.489063 0.421484 0.053125 0.052344
5 0.572656 0.423828 0.035937 0.047656
5 0.588281 0.453516 0.042188 0.072656
5 0.503906 0.462109 0.073438 0.071094
8 0.720313 0.473438 0.081250 0.150000
8 0.800781 0.506641 0.114062 0.122656
8 0.615625 0.508984 0.056250 0.127344
5 0.522656 0.515234 0.067187 0.071094
8 0.664844 0.550000 0.101562 0.193750
5 0.559375 0.570312 0.078125 0.106250
5 0.295312 0.577734 0.084375 0.096094
8 0.535937 0.614453 0.084375 0.141406
8 0.728125 0.637891 0.046875 0.135156
5 0.577344 0.719922 0.104688 0.139844
2 0.853906 0.720703 0.229687 0.353906
5 0.606250 0.837891 0.143750 0.172656
2 0.926562 0.847266 0.146875 0.303906
5 0.643750 0.948438 0.156250 0.103125
