10 0.359375 0.405859 0.043750 0.064844
9 0.332031 0.433203 0.067187 0.103906
5 0.400781 0.439063 0.029687 0.031250
5 0.394531 0.469141 0.035937 0.035156
8 0.244531 0.489063 0.060937 0.081250
5 0.382031 0.496875 0.039062 0.050000
10 0.289062 0.506641 0.078125 0.110156
8 0.182031 0.537891 0.079687 0.085156
5 0.367969 0.559766 0.051562 0.072656
8 0.085938 0.608984 0.131250 0.121094
5 0.340625 0.666797 0.081250 0.096094
5 0.594531 0.714453 0.101562 0.153906
1 0.124219 0.745703 0.248438 0.353906
5 0.273438 0.851172 0.121875 0.152344
