8 0.270313 0.358203 0.050000 0.066406
2 0.544531 0.371484 0.064062 0.102344
5 0.358594 0.396875 0.042188 0.050000
5 0.484375 0.397266 0.037500 0.047656
8 0.622656 0.403125 0.048438 0.062500
5 0.574219 0.442188 0.051562 0.062500
5 0.660937 0.450391 0.050000 0.066406
5 0.519531 0.480859 0.054688 0.071094
8 0.739062 0.503516 0.084375 0.128906
5 0.667969 0.575000 0.085938 0.112500
5 0.542969 0.582812 0.076563 0.093750
2 0.897656 0.590234 0.204687 0.321094
5 0.624219 0.801562 0.145313 0.218750
5 0.227344 0.801953 0.132812 0.153906
