2 0.253906 0.362891 0.079687 0.116406
5 0.636719 0.414453 0.035937 0.053906
8 0.277344 0.420312 0.051562 0.068750
10 0.592969 0.422266 0.060937 0.128906
4 0.497656 0.430859 0.042188 0.071094
11 0.696094 0.452734 0.057813 0.071094
10 0.629687 0.477734 0.075000 0.108594
5 0.343750 0.483984 0.065625 0.096094
5 0.239844 0.503125 0.057813 0.068750
5 0.517969 0.508984 0.057813 0.077344
9 0.825000 0.541016 0.153125 0.247656
5 0.549219 0.622266 0.082812 0.128906
12 0.778906 0.668359 0.317188 0.408594
5 0.299219 0.696484 0.095312 0.114844
5 0.106250 0.751563 0.125000 0.143750
5 0.647656 0.873828 0.148438 0.235156
