9 0.366406 0.401562 0.042188 0.068750
12 0.322656 0.404687 0.045312 0.075000
5 0.404687 0.431250 0.034375 0.037500
5 0.349219 0.450000 0.032813 0.043750
8 0.278906 0.462891 0.048438 0.066406
5 0.394531 0.468750 0.032813 0.043750
10 0.592187 0.475391 0.056250 0.091406
8 0.225000 0.519141 0.065625 0.078906
7 0.380469 0.528516 0.042188 0.060156
5 0.285938 0.539062 0.053125 0.056250
5 0.360938 0.607422 0.062500 0.077344
5 0.218750 0.632422 0.071875 0.077344
10 0.065625 0.655078 0.131250 0.172656
5 0.189844 0.732812 0.104688 0.118750
5 0.300000 0.784766 0.106250 0.122656
