1 0.478125 0.354687 0.053125 0.112500
8 0.322656 0.360547 0.057813 0.083594
5 0.373437 0.398438 0.043750 0.050000
2 0.571875 0.403125 0.078125 0.131250
8 0.255469 0.403516 0.054688 0.091406
2 0.680469 0.425000 0.101562 0.143750
5 0.342969 0.469922 0.054688 0.064844
5 0.520312 0.509375 0.062500 0.087500
8 0.847656 0.548438 0.082812 0.112500
5 0.187500 0.555078 0.081250 0.097656
5 0.664062 0.556250 0.071875 0.125000
5 0.952344 0.612500 0.095312 0.125000
8 0.089844 0.703125 0.132812 0.237500
1 0.846094 0.737891 0.307812 0.428906
5 0.266406 0.758984 0.117188 0.164844
5 0.651563 0.783984 0.137500 0.202344
