8 0.285156 0.346875 0.032813 0.050000
2 0.609375 0.355859 0.065625 0.108594
5 0.475781 0.368750 0.029687 0.031250
2 0.544531 0.374609 0.057813 0.083594
5 0.325781 0.382422 0.035937 0.052344
5 0.489844 0.384766 0.039062 0.047656
5 0.491406 0.419141 0.039062 0.041406
5 0.589844 0.458984 0.048438 0.058594
5 0.511719 0.473828 0.051562 0.072656
5 0.782813 0.543750 0.046875 0.075000
2 0.711719 0.568750 0.198437 0.343750
5 0.175000 0.603125 0.087500 0.112500
1 0.902344 0.657422 0.195312 0.327344
5 0.570312 0.678125 0.090625 0.125000
