6 0.315625 0.351953 0.056250 0.091406
8 0.270313 0.365625 0.040625 0.050000
5 0.597656 0.380859 0.032813 0.046094
5 0.550000 0.387109 0.034375 0.052344
10 0.239844 0.387109 0.048438 0.071094
5 0.638281 0.416016 0.048438 0.053906
5 0.374219 0.424609 0.039062 0.052344
10 0.200000 0.424609 0.062500 0.083594
5 0.502344 0.456641 0.048438 0.066406
5 0.613281 0.507422 0.057813 0.077344
9 0.747656 0.508984 0.145313 0.164844
10 0.209375 0.515625 0.090625 0.143750
5 0.531250 0.536328 0.065625 0.085156
5 0.064062 0.562500 0.081250 0.100000
5 0.317188 0.587500 0.075000 0.100000
5 0.711719 0.626172 0.089063 0.102344
10 0.117969 0.644141 0.139063 0.228906
5 0.854688 0.800000 0.153125 0.187500
5 0.226562 0.841797 0.128125 0.146094
