5 0.389844 0.283984 0.023438 0.027344
5 0.405469 0.294922 0.026562 0.027344
8 0.342187 0.295703 0.046875 0.066406
5 0.403906 0.309375 0.029687 0.031250
5 0.390625 0.337109 0.037500 0.039844
8 0.592969 0.354297 0.045312 0.083594
2 0.556250 0.387500 0.075000 0.118750
5 0.503125 0.441797 0.056250 0.071094
5 0.514844 0.518359 0.057813 0.102344
5 0.774219 0.540625 0.082812 0.112500
8 0.690625 0.580859 0.137500 0.239844
5 0.884375 0.633984 0.128125 0.158594
5 0.575000 0.678516 0.103125 0.160156
5 0.843750 0.840625 0.171875 0.231250
5 0.661719 0.906250 0.160938 0.187500
