5 0.501563 0.372266 0.015625 0.022656
5 0.475000 0.373047 0.015625 0.021094
10 0.337500 0.381641 0.040625 0.053906
5 0.423438 0.405859 0.025000 0.027344
8 0.368750 0.406250 0.031250 0.050000
5 0.407813 0.410547 0.028125 0.033594
10 0.303906 0.414453 0.057813 0.078906
8 0.352344 0.418750 0.035937 0.050000
5 0.278125 0.431641 0.028125 0.035156
5 0.395313 0.433203 0.028125 0.041406
5 0.348438 0.448437 0.031250 0.037500
5 0.507031 0.448437 0.026562 0.037500
5 0.242969 0.456250 0.045312 0.043750
5 0.399219 0.456641 0.035937 0.041406
10 0.325781 0.473828 0.057813 0.097656
5 0.386719 0.498047 0.045312 0.058594
5 0.221875 0.509766 0.053125 0.072656
5 0.267969 0.555078 0.067187 0.085156
5 0.353906 0.559375 0.067187 0.081250
8 0.161719 0.567578 0.101562 0.135156
5 0.575781 0.623047 0.073438 0.096094
5 0.036719 0.626563 0.073438 0.093750
5 0.171875 0.734766 0.115625 0.135156
5 0.293750 0.812500 0.128125 0.162500
