5 0.256250 0.384766 0.043750 0.066406
2 0.553125 0.387500 0.056250 0.075000
2 0.623437 0.393750 0.053125 0.087500
5 0.359375 0.409766 0.050000 0.060156
5 0.572656 0.421875 0.042188 0.050000
2 0.684375 0.430859 0.078125 0.108594
5 0.293750 0.437891 0.050000 0.053906
5 0.504687 0.449609 0.040625 0.064844
5 0.593750 0.450391 0.043750 0.066406
5 0.514062 0.482422 0.050000 0.064844
5 0.355469 0.487109 0.048438 0.077344
2 0.754687 0.488672 0.106250 0.139844
2 0.617188 0.501563 0.059375 0.118750
5 0.539844 0.534766 0.067187 0.091406
2 0.671094 0.555078 0.107813 0.185156
8 0.530469 0.590625 0.114062 0.118750
8 0.732031 0.634375 0.042188 0.143750
2 0.856250 0.695703 0.240625 0.303906
5 0.571875 0.722266 0.109375 0.172656
5 0.609375 0.849609 0.140625 0.208594
5 0.639062 0.947266 0.178125 0.103906
