5 0.539062 0.419141 0.028125 0.047656
5 0.296875 0.423438 0.028125 0.037500
5 0.355469 0.442578 0.029687 0.035156
5 0.496094 0.443750 0.032813 0.050000
5 0.402344 0.451172 0.029687 0.039844
5 0.560156 0.462891 0.035937 0.041406
5 0.332813 0.481250 0.037500 0.056250
5 0.388281 0.493750 0.039062 0.050000
10 0.205469 0.498047 0.101562 0.133594
8 0.285938 0.516797 0.065625 0.096094
5 0.396875 0.528125 0.050000 0.068750
5 0.726562 0.576172 0.071875 0.089844
5 0.557031 0.578125 0.067187 0.093750
8 0.217188 0.608984 0.109375 0.146094
5 0.330469 0.626953 0.076563 0.091406
10 0.071875 0.637500 0.143750 0.225000
5 0.310156 0.746875 0.092188 0.112500
10 0.092969 0.828516 0.185938 0.341406
5 0.233594 0.931250 0.148438 0.137500
