5 0.369531 0.384375 0.035937 0.037500
8 0.554688 0.386328 0.046875 0.072656
5 0.494531 0.398047 0.035937 0.033594
5 0.602344 0.400000 0.048438 0.043750
5 0.489844 0.416016 0.032813 0.041406
5 0.572656 0.422266 0.039062 0.047656
5 0.655469 0.422266 0.035937 0.047656
5 0.498437 0.429297 0.037500 0.033594
5 0.346875 0.453125 0.056250 0.062500
5 0.503906 0.466797 0.045312 0.071094
6 0.721875 0.468359 0.125000 0.152344
5 0.617188 0.491016 0.062500 0.078906
5 0.521094 0.523438 0.057813 0.087500
5 0.232813 0.529297 0.075000 0.083594
5 0.771094 0.556641 0.089063 0.110156
5 0.551562 0.581250 0.075000 0.093750
5 0.297656 0.600391 0.079687 0.110156
5 0.950000 0.634375 0.090625 0.087500
5 0.718750 0.656250 0.090625 0.137500
5 0.876563 0.665625 0.093750 0.118750
5 0.125781 0.737109 0.123438 0.133594
5 0.631250 0.761328 0.112500 0.172656
8 0.828906 0.796875 0.173437 0.287500
8 0.606250 0.900391 0.150000 0.197656
