1 0.353906 0.287500 0.035937 0.050000
5 0.396094 0.325000 0.029687 0.037500
1 0.467187 0.330859 0.043750 0.064844
1 0.516406 0.337500 0.051562 0.081250
5 0.469531 0.359375 0.026562 0.031250
1 0.546875 0.365234 0.062500 0.089844
2 0.600000 0.367188 0.062500 0.100000
5 0.479687 0.368750 0.034375 0.037500
5 0.372656 0.375000 0.035937 0.050000
5 0.480469 0.395313 0.032813 0.043750
5 0.323437 0.401172 0.046875 0.052344
5 0.488281 0.407813 0.032813 0.031250
5 0.621875 0.406641 0.031250 0.047656
5 0.553125 0.414062 0.040625 0.043750
2 0.695312 0.420312 0.128125 0.143750
5 0.207031 0.420703 0.089063 0.116406
5 0.497656 0.434375 0.051562 0.056250
5 0.600000 0.496484 0.062500 0.077344
5 0.517969 0.521484 0.067187 0.083594
1 0.771094 0.653125 0.264062 0.368750
5 0.581250 0.689453 0.100000 0.153906
5 0.958594 0.784766 0.082812 0.178906
5 0.660156 0.957812 0.195312 0.084375
