8 0.338281 0.398438 0.026562 0.037500
8 0.305469 0.430859 0.035937 0.046094
5 0.352344 0.436328 0.029687 0.035156
5 0.329688 0.451172 0.028125 0.027344
7 0.402344 0.451172 0.029687 0.039844
5 0.390625 0.486328 0.037500 0.047656
5 0.325781 0.489453 0.035937 0.041406
10 0.217188 0.499609 0.065625 0.096094
10 0.699219 0.503516 0.092188 0.141406
10 0.275000 0.541797 0.071875 0.108594
5 0.376563 0.550391 0.050000 0.060156
8 0.152344 0.551953 0.092188 0.103906
8 0.122656 0.742188 0.160938 0.212500
5 0.303125 0.822266 0.109375 0.141406
