10 0.364063 0.399609 0.043750 0.064844
9 0.332031 0.433203 0.067187 0.103906
5 0.400781 0.439063 0.029687 0.031250
5 0.394531 0.469141 0.035937 0.035156
8 0.244531 0.489063 0.060937 0.081250
5 0.382031 0.496875 0.039062 0.050000
10 0.289062 0.506641 0.078125 0.110156
8 0.182031 0.537891 0.079687 0.085156
5 0.366406 0.556641 0.048438 0.066406
8 0.085938 0.608984 0.131250 0.121094
5 0.340625 0.666797 0.081250 0.096094
10 0.130469 0.733203 0.248438 0.353906
5 0.617969 0.784375 0.120313 0.193750
5 0.279687 0.837891 0.118750 0.141406
