5 0.391406 0.324609 0.026562 0.033594
2 0.542969 0.354297 0.060937 0.121094
8 0.316406 0.380078 0.039062 0.060156
5 0.597656 0.380859 0.035937 0.046094
1 0.648438 0.382422 0.062500 0.102344
5 0.482031 0.389453 0.035937 0.041406
5 0.369531 0.408203 0.042188 0.041406
5 0.491406 0.416797 0.039062 0.046094
5 0.614844 0.447266 0.042188 0.053906
6 0.714844 0.448047 0.095312 0.096094
5 0.508594 0.480859 0.054688 0.064844
10 0.727344 0.529687 0.123438 0.175000
8 0.067187 0.568750 0.115625 0.156250
5 0.544531 0.605859 0.076563 0.102344
2 0.859375 0.784375 0.281250 0.431250
5 0.631250 0.871875 0.146875 0.256250
