5 0.487500 0.393750 0.021875 0.025000
8 0.532813 0.407422 0.028125 0.052344
9 0.595313 0.421875 0.053125 0.081250
5 0.498437 0.428125 0.028125 0.043750
10 0.339844 0.430859 0.057813 0.096094
5 0.405469 0.439063 0.026562 0.031250
5 0.391406 0.466016 0.026562 0.041406
5 0.560156 0.516016 0.054688 0.103906
9 0.255469 0.531641 0.123438 0.197656
5 0.364063 0.564453 0.062500 0.078906
8 0.117969 0.596875 0.082812 0.125000
5 0.552344 0.606641 0.067187 0.116406
5 0.328125 0.631641 0.087500 0.097656
10 0.103125 0.760547 0.206250 0.296094
5 0.273438 0.875391 0.134375 0.166406
