9 0.349219 0.419141 0.054688 0.085156
5 0.396094 0.439063 0.029687 0.031250
8 0.276562 0.456641 0.046875 0.060156
5 0.392188 0.469141 0.034375 0.047656
5 0.510938 0.470313 0.040625 0.056250
10 0.311719 0.473047 0.064062 0.083594
8 0.237500 0.485547 0.046875 0.058594
5 0.380469 0.517578 0.035937 0.047656
10 0.690625 0.522266 0.075000 0.091406
8 0.173437 0.546484 0.081250 0.108594
5 0.369531 0.568750 0.060937 0.075000
1 0.228906 0.584766 0.139063 0.191406
10 0.060156 0.651953 0.120313 0.153906
5 0.325781 0.668359 0.082812 0.089844
5 0.614844 0.753125 0.110937 0.168750
5 0.277344 0.831641 0.120313 0.153906
