9 0.323437 0.398047 0.046875 0.058594
5 0.492969 0.412500 0.035937 0.056250
9 0.297656 0.421484 0.057813 0.077344
5 0.407813 0.424609 0.031250 0.039844
5 0.361719 0.441016 0.035937 0.047656
10 0.235156 0.442578 0.064062 0.072656
5 0.338281 0.468359 0.048438 0.039844
5 0.515625 0.468750 0.040625 0.050000
5 0.388281 0.496875 0.051562 0.062500
10 0.250781 0.539453 0.132812 0.166406
10 0.147656 0.545703 0.145313 0.153906
5 0.373437 0.559766 0.065625 0.078906
5 0.344531 0.598828 0.048438 0.097656
5 0.321875 0.655859 0.084375 0.146094
9 0.130469 0.693750 0.251563 0.350000
10 0.747656 0.696484 0.145313 0.264844
8 0.890625 0.702734 0.171875 0.227344
5 0.275000 0.740625 0.100000 0.168750
5 0.272656 0.906250 0.160938 0.187500
