5 0.521094 0.389453 0.039062 0.066406
8 0.579688 0.409375 0.059375 0.087500
8 0.294531 0.412500 0.073438 0.100000
5 0.482031 0.416016 0.042188 0.047656
5 0.360938 0.437500 0.071875 0.106250
5 0.497656 0.447266 0.045312 0.060156
5 0.610938 0.474609 0.043750 0.102344
5 0.772656 0.484766 0.064062 0.072656
5 0.508594 0.500391 0.064062 0.103906
5 0.539844 0.556641 0.060937 0.097656
5 0.561719 0.630078 0.089063 0.160156
2 0.819531 0.706641 0.214062 0.322656
5 0.965625 0.712891 0.068750 0.160156
5 0.232813 0.735547 0.121875 0.183594
5 0.609375 0.852734 0.150000 0.246094
