8 0.288281 0.431641 0.039062 0.060156
8 0.628125 0.452734 0.050000 0.071094
8 0.335938 0.452734 0.046875 0.064844
9 0.568750 0.458984 0.065625 0.096094
5 0.498437 0.462500 0.043750 0.056250
10 0.248438 0.470313 0.059375 0.093750
5 0.385937 0.510938 0.043750 0.062500
10 0.296875 0.512109 0.065625 0.089844
5 0.680469 0.523828 0.051562 0.060156
5 0.556250 0.582422 0.068750 0.089844
5 0.362500 0.595313 0.068750 0.081250
9 0.092188 0.599609 0.165625 0.214844
5 0.246875 0.650000 0.078125 0.093750
5 0.303125 0.820312 0.121875 0.143750
