8 0.337500 0.300000 0.031250 0.050000
5 0.401562 0.304688 0.021875 0.025000
2 0.580469 0.309766 0.057813 0.066406
5 0.368750 0.315234 0.034375 0.046094
5 0.475000 0.343750 0.034375 0.031250
6 0.521875 0.347266 0.053125 0.066406
5 0.388281 0.352734 0.035937 0.046094
5 0.473438 0.368750 0.034375 0.037500
5 0.482812 0.401562 0.040625 0.056250
2 0.588281 0.412109 0.104688 0.183594
5 0.642969 0.430859 0.048438 0.071094
1 0.717187 0.460547 0.131250 0.183594
5 0.509375 0.483984 0.059375 0.083594
5 0.288281 0.587500 0.101562 0.118750
5 0.551562 0.600000 0.093750 0.125000
6 0.894531 0.620313 0.201563 0.218750
5 0.626563 0.832812 0.140625 0.218750
5 0.055469 0.833984 0.110937 0.233594
5 0.940625 0.918750 0.118750 0.162500
