9 0.312500 0.412109 0.056250 0.071094
10 0.257031 0.437109 0.064062 0.064844
5 0.341406 0.458984 0.042188 0.052344
5 0.385937 0.477734 0.040625 0.071094
10 0.185156 0.514453 0.110937 0.128906
5 0.527344 0.531641 0.057813 0.085156
10 0.253906 0.537891 0.129688 0.172656
5 0.375781 0.546875 0.057813 0.075000
5 0.350781 0.593750 0.060937 0.075000
5 0.335938 0.668359 0.103125 0.114844
9 0.150000 0.670703 0.234375 0.316406
5 0.294531 0.756250 0.126562 0.143750
10 0.051562 0.872266 0.103125 0.253906
5 0.660937 0.900391 0.150000 0.197656
5 0.267969 0.907813 0.145313 0.184375
