8 0.334375 0.406250 0.028125 0.037500
5 0.367969 0.414062 0.026562 0.031250
5 0.485938 0.416797 0.028125 0.033594
5 0.411719 0.420312 0.026562 0.031250
5 0.542188 0.434375 0.028125 0.037500
5 0.290625 0.434766 0.028125 0.041406
5 0.349219 0.450391 0.035937 0.041406
5 0.399219 0.459375 0.035937 0.043750
5 0.325000 0.484375 0.037500 0.056250
5 0.525781 0.499609 0.048438 0.058594
5 0.382812 0.505859 0.037500 0.052344
10 0.196094 0.506250 0.098437 0.137500
8 0.285938 0.510547 0.068750 0.096094
5 0.661719 0.510938 0.051562 0.062500
5 0.395313 0.537500 0.050000 0.075000
8 0.207031 0.619922 0.104688 0.152344
5 0.328125 0.643359 0.078125 0.096094
10 0.069531 0.651953 0.132812 0.228906
5 0.614844 0.743359 0.104688 0.171094
5 0.300000 0.781641 0.100000 0.128906
5 0.810937 0.816016 0.143750 0.160156
10 0.093750 0.826562 0.187500 0.346875
5 0.232031 0.937500 0.148438 0.125000
