2 0.334375 0.362109 0.037500 0.077344
8 0.293750 0.425391 0.062500 0.072656
5 0.500000 0.459375 0.046875 0.075000
5 0.350000 0.460938 0.053125 0.087500
5 0.527344 0.497266 0.067187 0.072656
5 0.733594 0.500391 0.039062 0.066406
2 0.664062 0.511328 0.121875 0.160156
8 0.869531 0.534766 0.189062 0.172656
5 0.535937 0.541016 0.078125 0.091406
2 0.149219 0.573047 0.217188 0.346094
5 0.560937 0.634766 0.081250 0.122656
2 0.877344 0.785937 0.245312 0.428125
5 0.614062 0.810547 0.140625 0.196094
5 0.245312 0.818750 0.143750 0.162500
