1 0.464062 0.337109 0.043750 0.064844
1 0.525781 0.337500 0.051562 0.081250
5 0.469531 0.359375 0.026562 0.031250
5 0.325781 0.371484 0.032813 0.046094
5 0.480469 0.395313 0.032813 0.043750
8 0.631250 0.396875 0.062500 0.100000
5 0.367188 0.398047 0.043750 0.058594
1 0.568750 0.399609 0.075000 0.127344
5 0.684375 0.410938 0.040625 0.050000
5 0.497656 0.438672 0.042188 0.064844
8 0.266406 0.441016 0.067187 0.078906
5 0.661719 0.448828 0.045312 0.060156
8 0.160156 0.481250 0.089063 0.112500
5 0.522656 0.500000 0.054688 0.087500
9 0.810156 0.516797 0.192188 0.246094
5 0.650781 0.560547 0.076563 0.108594
5 0.538281 0.602734 0.082812 0.139844
5 0.289844 0.669141 0.092188 0.128906
5 0.614062 0.794141 0.131250 0.178906
5 0.819531 0.826953 0.154688 0.203906
