5 0.380469 0.400391 0.029687 0.035156
8 0.340625 0.403125 0.031250 0.037500
7 0.416406 0.412109 0.029687 0.033594
5 0.364844 0.421484 0.026562 0.033594
5 0.488281 0.420703 0.026562 0.041406
5 0.407031 0.434766 0.023438 0.028906
10 0.275781 0.447266 0.048438 0.072656
10 0.338281 0.462500 0.045312 0.075000
5 0.398438 0.475391 0.034375 0.041406
8 0.229687 0.485938 0.056250 0.075000
8 0.278125 0.525391 0.065625 0.103906
10 0.182031 0.528516 0.079687 0.116406
5 0.356250 0.610547 0.065625 0.083594
5 0.578906 0.656641 0.082812 0.122656
10 0.189062 0.658984 0.115625 0.171094
8 0.858594 0.687500 0.139063 0.137500
5 0.318750 0.771484 0.106250 0.139844
8 0.807813 0.791016 0.168750 0.241406
