5 0.407813 0.303125 0.028125 0.037500
5 0.373437 0.303516 0.031250 0.028906
8 0.315625 0.314453 0.046875 0.066406
5 0.395313 0.325000 0.040625 0.050000
2 0.546094 0.371875 0.073438 0.106250
5 0.378906 0.378516 0.051562 0.066406
5 0.666406 0.431250 0.051562 0.075000
8 0.598437 0.456250 0.090625 0.143750
5 0.499219 0.462109 0.048438 0.071094
5 0.714063 0.482422 0.075000 0.102344
5 0.341406 0.502734 0.092188 0.108594
5 0.529687 0.525000 0.071875 0.106250
5 0.660937 0.567187 0.115625 0.150000
5 0.862500 0.588672 0.090625 0.127344
5 0.566406 0.622266 0.114062 0.166406
2 0.925000 0.720703 0.150000 0.303906
5 0.603125 0.857422 0.146875 0.264844
5 0.913281 0.934375 0.173437 0.131250
