9 0.347656 0.425391 0.054688 0.085156
5 0.410156 0.427734 0.029687 0.033594
12 0.286719 0.430078 0.067187 0.097656
5 0.395313 0.464453 0.034375 0.041406
5 0.507812 0.473828 0.037500 0.047656
5 0.314844 0.501953 0.048438 0.053906
8 0.228125 0.509375 0.065625 0.093750
5 0.175781 0.515234 0.054688 0.052344
5 0.378906 0.518359 0.045312 0.058594
5 0.541406 0.544141 0.051562 0.072656
10 0.668750 0.569141 0.109375 0.197656
7 0.359375 0.592578 0.059375 0.085156
8 0.132812 0.613672 0.096875 0.127344
5 0.576562 0.658984 0.078125 0.133594
5 0.196094 0.690625 0.095312 0.100000
5 0.329688 0.712500 0.081250 0.112500
