9 0.592969 0.344141 0.048438 0.078906
2 0.262500 0.348828 0.068750 0.110156
12 0.539844 0.354687 0.057813 0.087500
8 0.321094 0.370312 0.039062 0.068750
10 0.197656 0.407422 0.092188 0.114844
6 0.293750 0.415234 0.062500 0.071094
5 0.489844 0.427734 0.039062 0.064844
9 0.622656 0.458984 0.092188 0.171094
5 0.349219 0.468750 0.054688 0.062500
5 0.260937 0.477734 0.059375 0.071094
5 0.172656 0.493750 0.064062 0.062500
9 0.787500 0.542188 0.140625 0.162500
5 0.539844 0.570312 0.067187 0.093750
10 0.731250 0.590234 0.125000 0.233594
10 0.128906 0.629297 0.145313 0.208594
5 0.202344 0.929688 0.173437 0.140625
