3 0.621094 0.380859 0.073438 0.096094
5 0.554688 0.399609 0.040625 0.046094
5 0.309375 0.403125 0.037500 0.043750
5 0.489063 0.402734 0.037500 0.039844
5 0.570312 0.430859 0.031250 0.052344
5 0.501563 0.438672 0.043750 0.064844
11 0.606250 0.443750 0.059375 0.100000
5 0.533594 0.480859 0.057813 0.077344
5 0.627344 0.526172 0.067187 0.089844
5 0.843750 0.565625 0.093750 0.100000
11 0.717969 0.624609 0.098437 0.152344
5 0.858594 0.659375 0.082812 0.112500
5 0.585938 0.727734 0.106250 0.164844
11 0.804688 0.737109 0.171875 0.277344
