5 0.506250 0.419922 0.028125 0.039844
8 0.300781 0.420703 0.045312 0.066406
1 0.347656 0.426172 0.057813 0.077344
10 0.267969 0.444141 0.048438 0.053906
5 0.388281 0.471875 0.039062 0.043750
10 0.221875 0.496484 0.071875 0.108594
9 0.295312 0.498047 0.090625 0.121094
5 0.383594 0.501953 0.042188 0.041406
5 0.523438 0.514062 0.053125 0.068750
5 0.373437 0.541016 0.050000 0.060156
5 0.648438 0.570312 0.071875 0.106250
5 0.352344 0.587109 0.064062 0.064844
10 0.232813 0.606250 0.112500 0.150000
9 0.081250 0.618750 0.162500 0.287500
5 0.331250 0.648438 0.075000 0.100000
5 0.578906 0.689063 0.082812 0.131250
7 0.328906 0.718359 0.085938 0.127344
5 0.290625 0.840625 0.112500 0.150000
