5 0.380469 0.375000 0.035937 0.056250
11 0.607031 0.382812 0.039062 0.068750
5 0.317188 0.397266 0.037500 0.047656
5 0.496875 0.404297 0.040625 0.058594
5 0.360938 0.446484 0.043750 0.052344
2 0.164062 0.448828 0.146875 0.197656
5 0.270313 0.469141 0.056250 0.072656
5 0.610938 0.512500 0.062500 0.087500
5 0.337500 0.528516 0.068750 0.085156
10 0.710938 0.577734 0.128125 0.239844
11 0.854688 0.602734 0.109375 0.139844
4 0.560156 0.631250 0.092188 0.156250
2 0.096094 0.676562 0.192188 0.306250
10 0.816406 0.728516 0.151562 0.235156
5 0.248438 0.757812 0.118750 0.168750
