9 0.617188 0.368750 0.062500 0.112500
6 0.325000 0.373437 0.043750 0.050000
10 0.235937 0.376172 0.068750 0.077344
12 0.556250 0.382812 0.078125 0.106250
5 0.484375 0.391016 0.034375 0.047656
5 0.371875 0.405859 0.037500 0.039844
5 0.299219 0.410938 0.039062 0.050000
5 0.506250 0.487500 0.053125 0.075000
10 0.234375 0.491016 0.090625 0.141406
9 0.675781 0.521875 0.132812 0.243750
2 0.037500 0.606641 0.075000 0.316406
5 0.304688 0.621875 0.093750 0.112500
5 0.089063 0.740234 0.134375 0.133594
10 0.882031 0.771484 0.204687 0.364844
5 0.603125 0.791016 0.118750 0.178906
5 0.209375 0.895312 0.153125 0.206250
