5 0.578125 0.358984 0.034375 0.052344
5 0.533594 0.371484 0.029687 0.039844
5 0.598437 0.383203 0.034375 0.041406
8 0.635938 0.396484 0.043750 0.058594
5 0.560937 0.415234 0.037500 0.052344
5 0.490625 0.419141 0.037500 0.053906
2 0.726562 0.459766 0.140625 0.210156
5 0.515625 0.474609 0.059375 0.077344
2 0.628906 0.483984 0.107813 0.139844
6 0.074219 0.521875 0.120313 0.125000
5 0.552344 0.601172 0.076563 0.127344
5 0.911719 0.711328 0.129688 0.122656
5 0.603125 0.787500 0.115625 0.193750
5 0.841406 0.856250 0.148438 0.162500
