10 0.543750 0.358984 0.037500 0.071094
5 0.482812 0.384766 0.034375 0.041406
10 0.300000 0.400000 0.053125 0.093750
5 0.367188 0.421875 0.043750 0.043750
9 0.682813 0.425000 0.078125 0.143750
5 0.492969 0.424609 0.039062 0.058594
12 0.603125 0.437109 0.118750 0.177344
2 0.140625 0.444922 0.162500 0.202344
5 0.512500 0.480078 0.050000 0.072656
5 0.250781 0.485547 0.057813 0.058594
5 0.335938 0.496875 0.053125 0.068750
8 0.114844 0.633203 0.107813 0.116406
5 0.585938 0.745313 0.109375 0.168750
5 0.035937 0.910937 0.071875 0.162500
7 0.187500 0.914062 0.218750 0.171875
