12 0.585938 0.464453 0.081250 0.116406
8 0.264844 0.466016 0.051562 0.072656
1 0.321094 0.468359 0.067187 0.102344
5 0.388281 0.471875 0.039062 0.043750
5 0.507812 0.480859 0.040625 0.052344
10 0.210938 0.501953 0.065625 0.066406
5 0.383594 0.501953 0.042188 0.041406
5 0.370312 0.544141 0.050000 0.060156
9 0.235156 0.581250 0.123438 0.181250
10 0.119531 0.587891 0.095312 0.153906
5 0.350781 0.596484 0.064062 0.064844
5 0.331250 0.654687 0.075000 0.100000
1 0.671875 0.656641 0.196875 0.303906
7 0.314063 0.756641 0.103125 0.147656
10 0.080469 0.848437 0.160938 0.303125
