10 0.346875 0.371484 0.031250 0.046094
8 0.527344 0.386328 0.032813 0.047656
10 0.323437 0.400000 0.046875 0.068750
5 0.423438 0.405859 0.021875 0.027344
5 0.403906 0.409766 0.023438 0.028906
5 0.297656 0.412109 0.020313 0.033594
8 0.359375 0.415625 0.037500 0.050000
5 0.262500 0.432422 0.034375 0.039844
5 0.396875 0.431641 0.031250 0.035156
5 0.511719 0.434375 0.029687 0.037500
5 0.543750 0.433984 0.031250 0.039844
5 0.400781 0.444141 0.032813 0.028906
10 0.335156 0.456641 0.057813 0.085156
5 0.399219 0.458984 0.035937 0.046094
5 0.511719 0.462109 0.039062 0.046094
5 0.269531 0.463672 0.039062 0.052344
5 0.385937 0.484766 0.043750 0.053906
5 0.197656 0.487109 0.032813 0.052344
8 0.242969 0.493359 0.070312 0.089844
5 0.300000 0.510547 0.053125 0.071094
5 0.354687 0.590625 0.071875 0.087500
5 0.250000 0.605859 0.071875 0.089844
5 0.141406 0.616016 0.076563 0.091406
