3 0.618750 0.387500 0.071875 0.106250
10 0.569531 0.401953 0.060937 0.103906
5 0.493750 0.412500 0.040625 0.050000
3 0.703125 0.456641 0.121875 0.172656
5 0.341406 0.465625 0.057813 0.068750
5 0.508594 0.465234 0.054688 0.077344
5 0.613281 0.486328 0.057813 0.072656
5 0.532031 0.534766 0.067187 0.097656
5 0.845313 0.540234 0.087500 0.096094
5 0.658594 0.555078 0.079687 0.097656
11 0.760938 0.653125 0.134375 0.231250
5 0.600781 0.660547 0.098437 0.146094
6 0.083594 0.834766 0.157812 0.166406
5 0.885938 0.900000 0.190625 0.200000
