5 0.318750 0.325391 0.021875 0.035156
5 0.347656 0.327734 0.023438 0.039844
5 0.386719 0.337109 0.029687 0.033594
10 0.557813 0.383984 0.040625 0.077344
5 0.621875 0.409766 0.040625 0.053906
5 0.357031 0.425391 0.057813 0.078906
5 0.506250 0.430859 0.043750 0.064844
5 0.521875 0.499609 0.053125 0.071094
5 0.720313 0.503125 0.065625 0.068750
5 0.642969 0.535547 0.067187 0.096094
5 0.703125 0.618359 0.090625 0.133594
11 0.882812 0.622266 0.150000 0.222656
5 0.560937 0.629297 0.084375 0.146094
5 0.282813 0.630859 0.156250 0.133594
10 0.841406 0.791016 0.201563 0.322656
