8 0.288281 0.343750 0.032813 0.050000
2 0.609375 0.355859 0.065625 0.108594
5 0.475781 0.368750 0.029687 0.031250
2 0.544531 0.374609 0.057813 0.083594
5 0.328906 0.377734 0.035937 0.052344
5 0.489844 0.384766 0.039062 0.047656
5 0.491406 0.419141 0.039062 0.041406
5 0.589844 0.458984 0.048438 0.058594
5 0.511719 0.473828 0.051562 0.072656
5 0.782813 0.543750 0.046875 0.075000
5 0.196094 0.572266 0.079687 0.110156
2 0.723437 0.579297 0.209375 0.371094
1 0.905469 0.678125 0.189062 0.337500
5 0.571875 0.685937 0.090625 0.125000
5 0.202344 0.928125 0.154688 0.143750
