5 0.480469 0.380078 0.042188 0.035156
9 0.324219 0.403516 0.039062 0.066406
5 0.493750 0.406641 0.031250 0.035156
9 0.285938 0.428516 0.065625 0.078906
5 0.403906 0.440234 0.042188 0.052344
5 0.357031 0.441797 0.032813 0.046094
5 0.328125 0.472266 0.050000 0.053906
10 0.210156 0.489453 0.067187 0.103906
5 0.375781 0.495703 0.057813 0.053906
8 0.659375 0.502734 0.053125 0.089844
10 0.607031 0.509375 0.070312 0.125000
5 0.376563 0.545312 0.075000 0.068750
10 0.244531 0.552734 0.139063 0.177344
10 0.089063 0.581250 0.165625 0.150000
5 0.357031 0.605859 0.079687 0.089844
5 0.332031 0.662109 0.095312 0.114844
9 0.116406 0.734766 0.232813 0.416406
5 0.299219 0.749609 0.120313 0.146094
5 0.264062 0.906641 0.159375 0.185156
