10 0.353125 0.365234 0.031250 0.046094
10 0.331250 0.396875 0.043750 0.068750
5 0.311719 0.399609 0.023438 0.033594
5 0.423438 0.405859 0.021875 0.027344
8 0.365625 0.406250 0.037500 0.050000
5 0.403906 0.409766 0.023438 0.028906
5 0.396875 0.431641 0.031250 0.035156
8 0.286719 0.437500 0.060937 0.087500
10 0.341406 0.450391 0.048438 0.078906
5 0.399219 0.452734 0.035937 0.046094
5 0.390625 0.474609 0.040625 0.046094
5 0.315625 0.494141 0.046875 0.066406
5 0.376563 0.501563 0.053125 0.068750
5 0.237500 0.505859 0.050000 0.064844
5 0.177344 0.512109 0.057813 0.064844
5 0.278906 0.551953 0.060937 0.078906
8 0.676562 0.572266 0.100000 0.166406
5 0.223438 0.637109 0.093750 0.108594
9 0.053906 0.696875 0.107813 0.293750
5 0.296094 0.743750 0.120313 0.168750
5 0.074219 0.919141 0.148438 0.160156
