6 0.271875 0.338672 0.059375 0.064844
5 0.387500 0.367578 0.028125 0.035156
2 0.201563 0.393359 0.071875 0.083594
6 0.275781 0.396484 0.089063 0.127344
5 0.564844 0.410938 0.039062 0.050000
5 0.592187 0.449609 0.050000 0.064844
5 0.517188 0.497266 0.056250 0.078906
6 0.182812 0.503516 0.156250 0.216406
10 0.760156 0.541016 0.101562 0.141406
8 0.056250 0.553125 0.106250 0.125000
5 0.647656 0.570703 0.073438 0.091406
5 0.563281 0.612891 0.079687 0.122656
5 0.306250 0.628125 0.084375 0.118750
10 0.763281 0.690234 0.157812 0.202344
