5 0.378906 0.380859 0.032813 0.039844
11 0.604688 0.382812 0.043750 0.068750
5 0.541406 0.384375 0.035937 0.050000
5 0.486719 0.399609 0.039062 0.052344
11 0.239063 0.401172 0.062500 0.077344
5 0.306250 0.403125 0.037500 0.050000
5 0.570312 0.415234 0.037500 0.064844
11 0.182812 0.428516 0.075000 0.110156
5 0.360938 0.440625 0.050000 0.050000
5 0.665625 0.445703 0.053125 0.066406
5 0.510156 0.473438 0.048438 0.087500
11 0.620313 0.476172 0.062500 0.102344
11 0.256250 0.481250 0.050000 0.075000
5 0.341406 0.502734 0.060937 0.077344
11 0.190625 0.530859 0.103125 0.158594
5 0.529687 0.546484 0.062500 0.102344
11 0.821094 0.563672 0.039062 0.127344
12 0.767188 0.651953 0.237500 0.378906
5 0.275781 0.696875 0.085938 0.112500
3 0.648438 0.769141 0.253125 0.460156
