5 0.585938 0.428125 0.028125 0.037500
10 0.274219 0.446484 0.067187 0.108594
5 0.558594 0.455859 0.035937 0.052344
5 0.387500 0.457813 0.034375 0.043750
5 0.341406 0.459766 0.032813 0.041406
5 0.506250 0.468359 0.034375 0.052344
5 0.216406 0.478516 0.051562 0.047656
5 0.213281 0.509766 0.045312 0.053906
10 0.297656 0.515234 0.082812 0.121094
5 0.384375 0.519141 0.046875 0.053906
5 0.523438 0.530859 0.050000 0.083594
8 0.626563 0.540234 0.075000 0.127344
5 0.089844 0.580859 0.076563 0.083594
5 0.341406 0.608203 0.070312 0.091406
5 0.535156 0.609375 0.057813 0.087500
5 0.112500 0.620313 0.081250 0.106250
5 0.190625 0.669141 0.087500 0.110156
1 0.848437 0.800000 0.303125 0.400000
5 0.120313 0.850391 0.162500 0.172656
