6 0.263281 0.368750 0.051562 0.068750
5 0.382031 0.375391 0.051562 0.047656
5 0.327344 0.403125 0.057813 0.062500
2 0.676562 0.418750 0.103125 0.125000
5 0.600781 0.450391 0.054688 0.072656
5 0.514062 0.496484 0.065625 0.083594
5 0.614844 0.499609 0.057813 0.077344
5 0.717969 0.500391 0.067187 0.103906
6 0.192969 0.534766 0.123438 0.185156
5 0.532031 0.543359 0.073438 0.096094
5 0.328125 0.546484 0.090625 0.108594
6 0.650781 0.551953 0.089063 0.166406
5 0.775000 0.552734 0.059375 0.083594
5 0.592969 0.621484 0.092188 0.146094
2 0.900781 0.636328 0.198437 0.435156
6 0.763281 0.667578 0.167187 0.297656
8 0.543750 0.676172 0.115625 0.214844
5 0.279687 0.714453 0.115625 0.153906
5 0.655469 0.971875 0.182812 0.056250
