8 0.345313 0.332422 0.050000 0.089844
5 0.388281 0.337109 0.042188 0.064844
5 0.527344 0.347266 0.039062 0.047656
8 0.616406 0.353125 0.054688 0.075000
5 0.477344 0.398828 0.051562 0.072656
8 0.699219 0.412891 0.120313 0.110156
5 0.357812 0.420312 0.068750 0.068750
8 0.596875 0.421875 0.081250 0.125000
5 0.539844 0.423438 0.060937 0.075000
5 0.482812 0.437500 0.053125 0.062500
5 0.504687 0.480078 0.053125 0.085156
5 0.334375 0.490625 0.068750 0.087500
8 0.636719 0.509766 0.042188 0.110156
5 0.517969 0.532813 0.060937 0.106250
5 0.844531 0.534375 0.085938 0.106250
2 0.713281 0.546484 0.151562 0.233594
5 0.564063 0.607812 0.121875 0.118750
2 0.105469 0.623828 0.210938 0.335156
5 0.591406 0.744141 0.120313 0.203906
2 0.846094 0.750000 0.307812 0.500000
5 0.646094 0.944141 0.182812 0.110156
