5 0.379688 0.366797 0.037500 0.046094
5 0.475000 0.378516 0.040625 0.053906
2 0.558594 0.381641 0.073438 0.122656
2 0.296094 0.397266 0.064062 0.103906
2 0.652344 0.407422 0.085938 0.114844
5 0.366406 0.428125 0.039062 0.062500
5 0.493750 0.446484 0.056250 0.077344
5 0.600000 0.480078 0.043750 0.097656
8 0.207031 0.490625 0.082812 0.112500
8 0.754687 0.500391 0.059375 0.141406
5 0.333594 0.524609 0.067187 0.083594
1 0.697656 0.550000 0.173437 0.250000
5 0.561719 0.587109 0.085938 0.121094
5 0.864062 0.649609 0.100000 0.114844
5 0.620313 0.795312 0.131250 0.206250
5 0.225781 0.818359 0.123438 0.146094
