9 0.310937 0.409375 0.040625 0.075000
8 0.582031 0.418750 0.045312 0.056250
10 0.546875 0.427734 0.043750 0.077344
5 0.397656 0.443359 0.042188 0.046094
9 0.271875 0.445703 0.068750 0.091406
5 0.345313 0.456641 0.037500 0.047656
5 0.320312 0.492188 0.043750 0.050000
5 0.375000 0.501563 0.037500 0.056250
10 0.156250 0.504687 0.087500 0.112500
5 0.372656 0.550391 0.042188 0.078906
10 0.235937 0.555859 0.143750 0.189844
5 0.535156 0.558984 0.054688 0.102344
5 0.342969 0.596875 0.064062 0.068750
5 0.322656 0.652734 0.076563 0.108594
5 0.286719 0.745703 0.101562 0.128906
9 0.101562 0.778125 0.203125 0.443750
5 0.263281 0.912891 0.142187 0.172656
