9 0.495312 0.354297 0.025000 0.046094
5 0.475000 0.378516 0.012500 0.016406
10 0.345313 0.381250 0.034375 0.056250
5 0.301563 0.404687 0.025000 0.025000
8 0.366406 0.406250 0.029687 0.043750
5 0.400000 0.407813 0.025000 0.018750
8 0.313281 0.417578 0.042188 0.060156
5 0.398438 0.428516 0.028125 0.028906
10 0.347656 0.437500 0.035937 0.062500
5 0.298438 0.446484 0.034375 0.039844
5 0.403125 0.449609 0.031250 0.033594
5 0.392188 0.469141 0.034375 0.041406
5 0.326562 0.471484 0.037500 0.052344
5 0.378125 0.494922 0.037500 0.052344
5 0.276562 0.500000 0.043750 0.056250
5 0.603125 0.515234 0.053125 0.058594
5 0.279687 0.545703 0.050000 0.066406
5 0.361719 0.550391 0.054688 0.078906
9 0.137500 0.553125 0.150000 0.168750
5 0.235937 0.634375 0.075000 0.087500
9 0.032813 0.709375 0.065625 0.218750
5 0.292187 0.839453 0.112500 0.153906
5 0.059375 0.925000 0.118750 0.150000
