9 0.321875 0.396484 0.050000 0.077344
5 0.408594 0.430859 0.029687 0.033594
9 0.337500 0.435547 0.062500 0.096094
12 0.278906 0.436328 0.070312 0.110156
5 0.496875 0.437500 0.028125 0.037500
5 0.393750 0.468359 0.034375 0.046094
5 0.519531 0.482422 0.032813 0.052344
10 0.618750 0.505078 0.084375 0.160156
5 0.309375 0.512500 0.050000 0.056250
8 0.215625 0.523047 0.065625 0.096094
5 0.375000 0.527734 0.050000 0.058594
5 0.535156 0.542578 0.051562 0.085156
5 0.144531 0.545312 0.060937 0.056250
7 0.352344 0.606250 0.067187 0.093750
8 0.108594 0.640234 0.107813 0.146094
5 0.326562 0.734375 0.090625 0.125000
5 0.167969 0.733984 0.107813 0.102344
5 0.614062 0.801953 0.103125 0.153906
8 0.939844 0.918750 0.120313 0.162500
