11 0.521875 0.336328 0.034375 0.060156
10 0.293750 0.337109 0.056250 0.071094
12 0.341406 0.337891 0.054688 0.085156
11 0.572656 0.355859 0.035937 0.064844
5 0.383594 0.361328 0.035937 0.047656
12 0.244531 0.372266 0.082812 0.085156
5 0.363281 0.398828 0.035937 0.047656
3 0.289062 0.403125 0.081250 0.118750
11 0.196094 0.424609 0.067187 0.089844
5 0.586719 0.457422 0.048438 0.064844
5 0.527344 0.468359 0.048438 0.077344
11 0.330469 0.506250 0.067187 0.093750
8 0.062500 0.743750 0.125000 0.175000
5 0.223438 0.891016 0.137500 0.185156
