9 0.490625 0.346875 0.018750 0.037500
5 0.469531 0.362109 0.010937 0.014844
10 0.343750 0.384375 0.034375 0.056250
8 0.366406 0.406250 0.029687 0.043750
5 0.400000 0.407813 0.025000 0.018750
8 0.313281 0.417578 0.042188 0.060156
5 0.398438 0.428516 0.028125 0.028906
5 0.275000 0.431250 0.034375 0.031250
5 0.547656 0.431641 0.026562 0.035156
10 0.343750 0.443359 0.043750 0.071094
5 0.400000 0.454297 0.031250 0.033594
5 0.278125 0.468359 0.034375 0.039844
5 0.392188 0.470703 0.034375 0.041406
5 0.326562 0.477734 0.037500 0.052344
5 0.378125 0.494922 0.037500 0.052344
5 0.281250 0.518750 0.043750 0.056250
5 0.267188 0.569141 0.059375 0.072656
5 0.353125 0.575391 0.059375 0.085156
9 0.100781 0.583984 0.173437 0.196094
5 0.027344 0.640625 0.054688 0.087500
5 0.210156 0.675391 0.085938 0.097656
5 0.239063 0.966016 0.146875 0.066406
