9 0.342187 0.418750 0.062500 0.087500
5 0.495312 0.418750 0.025000 0.037500
5 0.400781 0.439063 0.029687 0.031250
10 0.610938 0.450000 0.043750 0.056250
5 0.396094 0.461328 0.035937 0.035156
8 0.264844 0.476172 0.054688 0.077344
5 0.387500 0.478516 0.034375 0.047656
10 0.305469 0.485547 0.064062 0.083594
5 0.521875 0.506250 0.053125 0.062500
8 0.214062 0.507422 0.062500 0.064844
5 0.378906 0.526953 0.042188 0.053906
8 0.145313 0.567578 0.100000 0.110156
5 0.360156 0.600391 0.064062 0.078906
1 0.214062 0.615625 0.168750 0.225000
5 0.313281 0.715625 0.085938 0.106250
5 0.251563 0.912891 0.153125 0.172656
