10 0.350781 0.416797 0.045312 0.071094
5 0.508594 0.445703 0.032813 0.041406
5 0.397656 0.446875 0.029687 0.031250
9 0.300781 0.476562 0.079687 0.131250
5 0.382812 0.503125 0.043750 0.062500
8 0.192188 0.532813 0.090625 0.093750
5 0.365625 0.547266 0.050000 0.066406
8 0.636719 0.564453 0.064062 0.103906
10 0.214062 0.591016 0.125000 0.166406
8 0.082812 0.633984 0.128125 0.133594
5 0.327344 0.691016 0.079687 0.110156
9 0.910937 0.710938 0.178125 0.325000
5 0.605469 0.732812 0.101562 0.156250
8 0.885156 0.856250 0.229687 0.287500
5 0.276562 0.914062 0.143750 0.171875
