5 0.385937 0.350391 0.031250 0.041406
2 0.626563 0.372266 0.071875 0.128906
5 0.360938 0.384766 0.037500 0.041406
8 0.553906 0.385937 0.048438 0.087500
8 0.241406 0.392578 0.048438 0.072656
5 0.489844 0.425000 0.042188 0.068750
5 0.570312 0.425391 0.031250 0.053906
8 0.663281 0.425391 0.073438 0.116406
5 0.278906 0.437109 0.104688 0.146094
5 0.594531 0.452734 0.045312 0.071094
5 0.500781 0.458984 0.045312 0.064844
5 0.514844 0.489453 0.057813 0.078906
8 0.624219 0.508203 0.060937 0.128906
8 0.770312 0.508984 0.103125 0.164844
5 0.345313 0.512109 0.056250 0.083594
5 0.531250 0.529687 0.059375 0.075000
8 0.666406 0.546484 0.107813 0.202344
5 0.560156 0.575391 0.067187 0.103906
5 0.245312 0.605859 0.087500 0.108594
8 0.532813 0.625391 0.078125 0.153906
8 0.755469 0.651953 0.082812 0.153906
2 0.855469 0.733203 0.220312 0.391406
5 0.577344 0.740234 0.110937 0.177344
5 0.613281 0.853125 0.132812 0.200000
5 0.639844 0.950000 0.154688 0.100000
