9 0.304688 0.408984 0.062500 0.083594
5 0.410938 0.419922 0.028125 0.039844
10 0.555469 0.425391 0.051562 0.091406
5 0.403906 0.452734 0.032813 0.033594
12 0.253906 0.455859 0.076563 0.114844
9 0.318750 0.460547 0.062500 0.108594
5 0.514062 0.491016 0.040625 0.053906
5 0.385156 0.493359 0.039062 0.046094
5 0.279687 0.551172 0.062500 0.064844
5 0.363281 0.558984 0.054688 0.071094
8 0.707031 0.562500 0.085938 0.093750
8 0.172656 0.569922 0.085938 0.114844
7 0.346094 0.645312 0.076563 0.106250
8 0.050000 0.725000 0.100000 0.181250
5 0.309375 0.785547 0.103125 0.133594
5 0.071875 0.902734 0.143750 0.171094
