5 0.381250 0.362109 0.037500 0.046094
5 0.475000 0.378516 0.040625 0.053906
2 0.558594 0.381641 0.073438 0.122656
2 0.303906 0.386328 0.070312 0.097656
5 0.371094 0.406250 0.039062 0.050000
2 0.652344 0.407422 0.085938 0.114844
5 0.502344 0.462109 0.048438 0.077344
8 0.223438 0.465234 0.075000 0.096094
5 0.344531 0.481250 0.060937 0.068750
5 0.617188 0.492188 0.059375 0.100000
8 0.775781 0.514062 0.076563 0.143750
1 0.721875 0.584375 0.190625 0.281250
5 0.578125 0.610547 0.090625 0.133594
5 0.890625 0.672266 0.118750 0.128906
5 0.271875 0.690625 0.109375 0.112500
5 0.642188 0.856250 0.153125 0.231250
