10 0.353125 0.365234 0.031250 0.046094
10 0.331250 0.396875 0.043750 0.068750
5 0.423438 0.405859 0.021875 0.027344
5 0.302344 0.406250 0.032813 0.037500
5 0.403906 0.409766 0.023438 0.028906
8 0.362500 0.412500 0.037500 0.050000
5 0.396875 0.431641 0.031250 0.035156
10 0.341406 0.450391 0.048438 0.078906
5 0.399219 0.452734 0.035937 0.046094
8 0.275781 0.459375 0.060937 0.087500
5 0.390625 0.474609 0.040625 0.046094
8 0.596875 0.478516 0.062500 0.103906
5 0.314063 0.494141 0.046875 0.066406
5 0.370312 0.518750 0.053125 0.068750
5 0.221875 0.527734 0.059375 0.071094
5 0.274219 0.566016 0.060937 0.078906
5 0.089844 0.587500 0.079687 0.075000
5 0.680469 0.628516 0.095312 0.116406
5 0.189062 0.689453 0.106250 0.128906
5 0.261719 0.860547 0.151562 0.221094
5 0.878125 0.900391 0.181250 0.191406
