3 0.598437 0.359766 0.053125 0.085156
5 0.334375 0.364063 0.037500 0.043750
3 0.643750 0.404297 0.084375 0.121094
5 0.495312 0.419141 0.040625 0.047656
5 0.567969 0.419922 0.039062 0.052344
5 0.713281 0.433984 0.045312 0.058594
5 0.596094 0.466016 0.045312 0.060156
5 0.510156 0.469141 0.048438 0.066406
11 0.649219 0.508984 0.082812 0.139844
5 0.550781 0.529297 0.067187 0.108594
5 0.694531 0.633984 0.104688 0.127344
5 0.954688 0.784375 0.090625 0.137500
11 0.849219 0.816016 0.157812 0.241406
5 0.189844 0.874609 0.148438 0.177344
