8 0.352344 0.387500 0.026562 0.037500
5 0.375781 0.405859 0.026562 0.033594
9 0.538281 0.406250 0.045312 0.075000
5 0.414844 0.416016 0.023438 0.028906
10 0.301563 0.419922 0.043750 0.052344
10 0.353906 0.431250 0.039062 0.056250
5 0.500781 0.441016 0.032813 0.041406
5 0.606250 0.445312 0.037500 0.043750
5 0.405469 0.448828 0.032813 0.035156
8 0.257031 0.454297 0.051562 0.071094
8 0.312500 0.480859 0.053125 0.089844
10 0.220312 0.490625 0.065625 0.100000
5 0.533594 0.546875 0.054688 0.081250
5 0.373437 0.549609 0.053125 0.064844
10 0.261719 0.565234 0.079687 0.121094
5 0.346094 0.665234 0.082812 0.108594
9 0.056250 0.687500 0.112500 0.293750
5 0.181250 0.766016 0.106250 0.116406
