1 0.392188 0.274609 0.025000 0.033594
5 0.411719 0.288672 0.017188 0.027344
5 0.397656 0.310547 0.020313 0.021094
2 0.570312 0.328516 0.059375 0.091406
2 0.344531 0.335938 0.035937 0.062500
2 0.299219 0.337109 0.048438 0.058594
5 0.387500 0.337891 0.034375 0.035156
2 0.523438 0.340234 0.053125 0.071094
2 0.547656 0.380078 0.048438 0.072656
2 0.621875 0.380078 0.050000 0.085156
5 0.378125 0.381641 0.037500 0.047656
8 0.305469 0.386328 0.054688 0.085156
2 0.655469 0.406641 0.064062 0.103906
5 0.502344 0.417187 0.048438 0.037500
8 0.263281 0.428125 0.057813 0.087500
5 0.594531 0.437109 0.039062 0.052344
5 0.503906 0.444141 0.042188 0.035156
5 0.798438 0.476172 0.059375 0.052344
2 0.723437 0.492188 0.087500 0.100000
8 0.516406 0.500000 0.060937 0.087500
8 0.626563 0.504687 0.075000 0.125000
5 0.335938 0.506641 0.075000 0.078906
2 0.848437 0.535547 0.134375 0.121094
8 0.667969 0.546484 0.101562 0.208594
5 0.525781 0.563672 0.067187 0.089844
5 0.560937 0.634766 0.093750 0.128906
8 0.755469 0.639062 0.092188 0.156250
2 0.853906 0.740234 0.226562 0.427344
5 0.596094 0.812109 0.145313 0.189844
2 0.925000 0.846875 0.150000 0.306250
5 0.767969 0.943750 0.207813 0.112500
