8 0.336719 0.405078 0.026562 0.035156
5 0.371094 0.416016 0.029687 0.035156
5 0.414062 0.418750 0.028125 0.031250
5 0.292969 0.430078 0.029687 0.035156
5 0.489844 0.431250 0.032813 0.043750
5 0.350781 0.444922 0.032813 0.039844
5 0.548438 0.445703 0.034375 0.041406
5 0.400781 0.457422 0.032813 0.039844
5 0.326562 0.481250 0.037500 0.056250
5 0.385156 0.501172 0.042188 0.052344
10 0.201563 0.504687 0.100000 0.137500
8 0.290625 0.508984 0.065625 0.096094
5 0.539062 0.534766 0.056250 0.072656
5 0.395313 0.537500 0.050000 0.075000
5 0.689844 0.537891 0.057813 0.072656
8 0.207031 0.619922 0.104688 0.152344
5 0.327344 0.632812 0.073438 0.106250
10 0.066406 0.637109 0.132812 0.214844
5 0.306250 0.760547 0.096875 0.121094
10 0.092188 0.826953 0.184375 0.341406
5 0.235156 0.934375 0.151562 0.131250
