3 0.548438 0.367188 0.062500 0.087500
9 0.662500 0.387500 0.100000 0.112500
5 0.481250 0.393750 0.037500 0.043750
5 0.490625 0.435937 0.050000 0.062500
3 0.585156 0.435547 0.082812 0.158594
5 0.510156 0.462109 0.060937 0.039844
5 0.716406 0.490234 0.035937 0.064844
9 0.655469 0.500391 0.123438 0.228906
5 0.333594 0.512891 0.064062 0.091406
5 0.519531 0.516016 0.060937 0.085156
5 0.760938 0.525391 0.065625 0.072656
5 0.532031 0.560937 0.064062 0.087500
5 0.178125 0.576172 0.084375 0.089844
5 0.803125 0.576953 0.087500 0.103906
5 0.561719 0.592578 0.089063 0.135156
5 0.921875 0.690234 0.131250 0.152344
5 0.768750 0.737500 0.140625 0.181250
5 0.595313 0.749609 0.118750 0.164844
