5 0.480469 0.378125 0.035937 0.037500
10 0.556250 0.385547 0.046875 0.083594
5 0.490625 0.408203 0.037500 0.053906
8 0.284375 0.412891 0.062500 0.097656
12 0.649219 0.422266 0.089063 0.097656
5 0.517969 0.433984 0.042188 0.046094
5 0.193750 0.453125 0.056250 0.062500
4 0.514062 0.490625 0.062500 0.125000
5 0.799219 0.503125 0.073438 0.081250
10 0.678906 0.575000 0.117188 0.187500
5 0.903906 0.583984 0.089063 0.114844
10 0.807813 0.600000 0.125000 0.168750
5 0.559375 0.610547 0.087500 0.133594
5 0.255469 0.762500 0.120313 0.143750
5 0.838281 0.808203 0.148438 0.203906
