5 0.395313 0.329297 0.028125 0.046094
5 0.378125 0.368750 0.050000 0.050000
6 0.305469 0.394922 0.073438 0.102344
5 0.374219 0.401172 0.045312 0.064844
2 0.711719 0.459375 0.129688 0.168750
5 0.602344 0.465234 0.064062 0.083594
5 0.316406 0.473438 0.067187 0.075000
5 0.795312 0.497266 0.056250 0.085156
5 0.515625 0.508984 0.065625 0.089844
5 0.656250 0.570312 0.068750 0.106250
5 0.547656 0.573047 0.085938 0.121094
5 0.293750 0.615625 0.112500 0.131250
5 0.835156 0.629687 0.098437 0.125000
2 0.950781 0.643750 0.098437 0.312500
6 0.742188 0.679297 0.140625 0.233594
5 0.616406 0.696484 0.107813 0.171094
8 0.569531 0.796875 0.120313 0.231250
6 0.906250 0.841016 0.187500 0.316406
