5 0.400000 0.315625 0.028125 0.037500
5 0.362500 0.319141 0.031250 0.028906
8 0.298438 0.331250 0.056250 0.087500
5 0.387500 0.342187 0.040625 0.050000
2 0.538281 0.365625 0.070312 0.106250
5 0.638281 0.409766 0.042188 0.060156
5 0.361719 0.420703 0.054688 0.078906
8 0.585938 0.442188 0.084375 0.125000
5 0.682031 0.446875 0.057813 0.081250
5 0.517188 0.497266 0.068750 0.085156
5 0.788281 0.524609 0.073438 0.096094
5 0.633594 0.526563 0.073438 0.106250
5 0.541406 0.580859 0.085938 0.127344
2 0.904687 0.670703 0.190625 0.353906
5 0.575781 0.737891 0.120313 0.197656
5 0.235937 0.763672 0.162500 0.252344
5 0.859375 0.878516 0.200000 0.241406
