5 0.392188 0.339453 0.028125 0.041406
2 0.278906 0.350391 0.064062 0.066406
8 0.596875 0.366797 0.053125 0.108594
5 0.371094 0.381250 0.042188 0.056250
2 0.307812 0.386328 0.059375 0.085156
8 0.638281 0.397266 0.073438 0.110156
5 0.707031 0.421875 0.064062 0.075000
5 0.570312 0.424609 0.040625 0.071094
5 0.589844 0.447266 0.042188 0.085156
8 0.695312 0.478516 0.084375 0.085156
8 0.207031 0.490234 0.104688 0.171094
8 0.505469 0.490625 0.057813 0.087500
5 0.337500 0.493750 0.065625 0.093750
8 0.613281 0.498828 0.101562 0.122656
5 0.807031 0.534375 0.129688 0.162500
8 0.668750 0.552734 0.093750 0.183594
5 0.517188 0.568750 0.068750 0.125000
8 0.111719 0.594141 0.157812 0.203906
8 0.951562 0.609766 0.096875 0.210156
5 0.557813 0.616016 0.090625 0.110156
8 0.746875 0.641016 0.090625 0.160156
2 0.841406 0.694141 0.192188 0.328906
5 0.567969 0.745703 0.104688 0.178906
2 0.925000 0.842187 0.150000 0.315625
5 0.734375 0.896875 0.162500 0.206250
