8 0.403125 0.248828 0.015625 0.022656
8 0.413281 0.278516 0.017188 0.035156
8 0.350000 0.280859 0.018750 0.027344
8 0.385156 0.286328 0.023438 0.047656
8 0.361719 0.304688 0.023438 0.037500
2 0.503906 0.303516 0.032813 0.066406
8 0.392969 0.325391 0.029687 0.053906
5 0.471875 0.330078 0.018750 0.022656
2 0.585156 0.334766 0.039062 0.072656
5 0.480469 0.338672 0.001563 0.002344
5 0.473438 0.350000 0.025000 0.018750
8 0.528125 0.352734 0.034375 0.083594
8 0.340625 0.353516 0.031250 0.047656
5 0.478125 0.362109 0.028125 0.021094
5 0.478125 0.382422 0.021875 0.027344
8 0.618750 0.381641 0.040625 0.072656
5 0.488281 0.391016 0.001563 0.003906
8 0.560156 0.396875 0.045312 0.075000
5 0.482812 0.412500 0.025000 0.025000
8 0.666406 0.419141 0.051562 0.091406
5 0.491406 0.422266 0.023438 0.022656
5 0.507031 0.421484 0.001563 0.002344
5 0.580469 0.434375 0.026562 0.037500
5 0.503125 0.447266 0.040625 0.035156
5 0.602344 0.456641 0.035937 0.041406
5 0.173437 0.466016 0.059375 0.066406
5 0.513281 0.474609 0.042188 0.046094
8 0.739062 0.477734 0.081250 0.139844
8 0.613281 0.504687 0.042188 0.112500
5 0.524219 0.509766 0.051562 0.041406
5 0.312500 0.533203 0.078125 0.091406
8 0.675781 0.565234 0.089063 0.164844
5 0.527344 0.584766 0.070312 0.116406
8 0.737500 0.650391 0.043750 0.141406
5 0.113281 0.700391 0.123438 0.160156
5 0.570312 0.703125 0.090625 0.118750
2 0.852344 0.714453 0.160938 0.316406
5 0.273438 0.781641 0.121875 0.197656
5 0.611719 0.840625 0.123438 0.150000
2 0.924219 0.844141 0.151562 0.310156
5 0.644531 0.951562 0.132812 0.096875
