5 0.371094 0.369922 0.057813 0.064844
5 0.346875 0.469141 0.071875 0.097656
8 0.146094 0.470703 0.107813 0.116406
8 0.620313 0.510547 0.062500 0.133594
8 0.858594 0.546875 0.154688 0.156250
8 0.668750 0.551172 0.109375 0.214844
8 0.542969 0.628516 0.092188 0.166406
5 0.300781 0.652734 0.104688 0.139844
5 0.584375 0.718750 0.121875 0.143750
2 0.853906 0.718750 0.223438 0.375000
2 0.107031 0.757812 0.214062 0.484375
5 0.606250 0.837109 0.131250 0.171094
2 0.923438 0.837500 0.153125 0.325000
5 0.637500 0.944141 0.171875 0.110156
