9 0.485938 0.339453 0.015625 0.028906
5 0.466406 0.351172 0.010937 0.014844
10 0.340625 0.384375 0.034375 0.056250
8 0.364844 0.406250 0.029687 0.043750
5 0.400000 0.407813 0.025000 0.018750
8 0.302344 0.428516 0.042188 0.060156
5 0.398438 0.428516 0.028125 0.028906
10 0.343750 0.443359 0.043750 0.071094
5 0.400000 0.452734 0.031250 0.033594
5 0.250781 0.453516 0.032813 0.035156
5 0.392188 0.470703 0.034375 0.041406
5 0.267188 0.477734 0.037500 0.039844
5 0.318750 0.483203 0.040625 0.053906
5 0.377344 0.500000 0.042188 0.056250
5 0.283594 0.536328 0.045312 0.060156
5 0.260937 0.582812 0.065625 0.081250
5 0.344531 0.605078 0.067187 0.097656
9 0.084375 0.605859 0.168750 0.239844
5 0.178906 0.717578 0.101562 0.110156
