8 0.481250 0.337500 0.015625 0.025000
8 0.500000 0.337500 0.012500 0.025000
5 0.464062 0.338672 0.012500 0.014844
8 0.516406 0.348828 0.020313 0.035156
5 0.471094 0.351562 0.014063 0.018750
5 0.475000 0.375000 0.015625 0.018750
8 0.516406 0.392578 0.017188 0.035156
9 0.334375 0.396484 0.037500 0.058594
8 0.542969 0.409766 0.042188 0.066406
5 0.487500 0.412891 0.028125 0.035156
10 0.303125 0.415625 0.043750 0.062500
10 0.300000 0.475000 0.084375 0.118750
5 0.392188 0.493359 0.037500 0.052344
10 0.230469 0.496875 0.064062 0.093750
5 0.377344 0.526563 0.045312 0.056250
9 0.158594 0.654297 0.223438 0.321094
5 0.328906 0.660937 0.089063 0.125000
5 0.294531 0.753125 0.107813 0.125000
10 0.065625 0.862891 0.131250 0.272656
5 0.261719 0.914062 0.139063 0.171875
5 0.851562 0.916016 0.181250 0.166406
