5 0.481250 0.387109 0.021875 0.033594
5 0.385156 0.392188 0.020313 0.037500
5 0.408594 0.410547 0.029687 0.033594
5 0.492188 0.410547 0.028125 0.046094
10 0.356250 0.411328 0.050000 0.085156
5 0.409375 0.428125 0.031250 0.037500
9 0.610938 0.431641 0.059375 0.085156
5 0.399219 0.441016 0.032813 0.041406
9 0.310937 0.466016 0.084375 0.141406
5 0.525000 0.476172 0.050000 0.064844
5 0.388281 0.492188 0.051562 0.062500
8 0.196094 0.518359 0.104688 0.121094
5 0.368750 0.534766 0.068750 0.085156
10 0.229687 0.570703 0.115625 0.166406
8 0.096094 0.610938 0.129688 0.187500
5 0.329688 0.661328 0.081250 0.135156
8 0.714844 0.677734 0.104688 0.164844
2 0.976562 0.795312 0.046875 0.306250
1 0.048438 0.879687 0.096875 0.240625
5 0.286719 0.884375 0.142187 0.187500
5 0.728125 0.966797 0.143750 0.058594
