5 0.299219 0.353125 0.026562 0.031250
8 0.551562 0.387500 0.050000 0.087500
2 0.633594 0.394922 0.076563 0.102344
8 0.295312 0.402734 0.062500 0.089844
5 0.494531 0.403516 0.039062 0.053906
5 0.570312 0.425000 0.040625 0.062500
5 0.500000 0.427734 0.037500 0.039844
5 0.593750 0.449609 0.046875 0.064844
5 0.503906 0.462109 0.042188 0.058594
5 0.515625 0.491016 0.056250 0.072656
5 0.518750 0.493750 0.059375 0.093750
2 0.808594 0.495703 0.201563 0.241406
8 0.625000 0.508203 0.075000 0.128906
5 0.528906 0.523047 0.051562 0.071094
8 0.668750 0.548047 0.112500 0.208594
5 0.557813 0.575391 0.071875 0.110156
8 0.534375 0.633984 0.078125 0.164844
8 0.744531 0.654687 0.054688 0.150000
2 0.944531 0.691016 0.110937 0.322656
5 0.583594 0.741797 0.107813 0.171094
2 0.878906 0.761328 0.226562 0.410156
5 0.616406 0.879687 0.145313 0.240625
