10 0.349219 0.418359 0.057813 0.083594
5 0.396094 0.450000 0.029687 0.031250
8 0.564063 0.456250 0.037500 0.056250
9 0.293750 0.490625 0.093750 0.156250
5 0.521094 0.496875 0.042188 0.056250
5 0.378125 0.521484 0.053125 0.077344
9 0.718750 0.529297 0.118750 0.171094
8 0.625000 0.539062 0.075000 0.131250
8 0.166406 0.553516 0.107813 0.103906
5 0.357031 0.568359 0.054688 0.071094
10 0.178125 0.637109 0.143750 0.208594
8 0.050000 0.688672 0.100000 0.177344
5 0.610156 0.714453 0.095312 0.153906
5 0.310937 0.755859 0.100000 0.127344
