9 0.372656 0.394141 0.042188 0.066406
12 0.327344 0.400000 0.045312 0.068750
5 0.523438 0.409766 0.028125 0.035156
5 0.406250 0.429688 0.034375 0.037500
5 0.361719 0.432422 0.032813 0.039844
8 0.290625 0.447266 0.043750 0.060156
5 0.394531 0.458984 0.032813 0.039844
5 0.505469 0.473047 0.039062 0.058594
8 0.243750 0.492578 0.056250 0.072656
5 0.302344 0.508984 0.045312 0.052344
7 0.385156 0.512500 0.042188 0.062500
5 0.253125 0.574609 0.053125 0.058594
5 0.366406 0.577734 0.051562 0.071094
7 0.680469 0.589063 0.098437 0.168750
10 0.100781 0.606250 0.117188 0.143750
5 0.239844 0.646875 0.073438 0.081250
5 0.318750 0.715625 0.087500 0.106250
