5 0.482031 0.387500 0.020313 0.037500
9 0.293750 0.431250 0.062500 0.081250
5 0.408594 0.432812 0.026562 0.043750
5 0.503125 0.439063 0.037500 0.068750
5 0.357031 0.442578 0.042188 0.035156
5 0.389844 0.467187 0.042188 0.037500
5 0.335938 0.471484 0.034375 0.052344
5 0.383594 0.494141 0.042188 0.060156
10 0.242969 0.550000 0.142187 0.187500
5 0.375781 0.553125 0.054688 0.075000
8 0.741406 0.570703 0.098437 0.141406
10 0.125781 0.576953 0.154688 0.191406
10 0.662500 0.584375 0.093750 0.175000
5 0.355469 0.593359 0.070312 0.071094
5 0.327344 0.662109 0.085938 0.121094
9 0.128125 0.708203 0.256250 0.366406
5 0.292969 0.756641 0.107813 0.135156
5 0.262500 0.912891 0.134375 0.172656
