5 0.473438 0.364063 0.028125 0.031250
3 0.541406 0.374609 0.057813 0.102344
9 0.662500 0.387500 0.100000 0.112500
5 0.481250 0.393750 0.037500 0.043750
5 0.490625 0.435937 0.050000 0.062500
3 0.585156 0.435547 0.082812 0.158594
5 0.509375 0.453125 0.043750 0.037500
5 0.716406 0.490234 0.035937 0.064844
9 0.655469 0.500391 0.123438 0.228906
5 0.514844 0.506250 0.064062 0.087500
5 0.760938 0.525391 0.065625 0.072656
5 0.217188 0.528125 0.075000 0.087500
5 0.551562 0.573047 0.096875 0.121094
5 0.797656 0.578516 0.070312 0.097656
5 0.305469 0.581250 0.073438 0.093750
5 0.871094 0.637500 0.104688 0.118750
5 0.714063 0.646875 0.093750 0.150000
5 0.564063 0.671875 0.106250 0.150000
5 0.627344 0.887891 0.142187 0.222656
