2 0.362500 0.302734 0.050000 0.083594
5 0.304688 0.340625 0.059375 0.056250
5 0.282813 0.375391 0.040625 0.053906
2 0.635938 0.392578 0.093750 0.110156
5 0.692969 0.413672 0.035937 0.064844
8 0.272656 0.448047 0.142187 0.146094
2 0.803906 0.471875 0.204687 0.218750
5 0.517969 0.493359 0.064062 0.083594
8 0.622656 0.506250 0.076563 0.137500
5 0.529687 0.524609 0.059375 0.071094
8 0.668750 0.550391 0.134375 0.203906
5 0.562500 0.571484 0.081250 0.114844
8 0.535156 0.634375 0.095312 0.175000
8 0.741406 0.643750 0.045312 0.137500
5 0.586719 0.728516 0.123438 0.135156
8 0.870313 0.755078 0.234375 0.435156
5 0.614062 0.878516 0.156250 0.241406
