9 0.329688 0.405078 0.037500 0.060156
10 0.294531 0.412109 0.042188 0.058594
5 0.370312 0.415234 0.021875 0.033594
5 0.360156 0.434766 0.026562 0.035156
5 0.400000 0.440625 0.037500 0.062500
10 0.253125 0.450000 0.075000 0.087500
5 0.559375 0.465625 0.046875 0.068750
5 0.383594 0.504297 0.048438 0.071094
10 0.282813 0.505078 0.096875 0.160156
5 0.367969 0.554297 0.064062 0.071094
5 0.577344 0.613672 0.067187 0.127344
9 0.153906 0.639453 0.217188 0.316406
5 0.329688 0.662500 0.090625 0.131250
5 0.294531 0.751172 0.098437 0.139844
10 0.065625 0.856250 0.131250 0.275000
5 0.260937 0.909375 0.128125 0.175000
