8 0.278125 0.351953 0.050000 0.066406
2 0.544531 0.371484 0.064062 0.102344
5 0.594531 0.378125 0.039062 0.050000
5 0.358594 0.396875 0.042188 0.050000
8 0.624219 0.404687 0.048438 0.062500
5 0.490625 0.411328 0.037500 0.047656
5 0.574219 0.442188 0.051562 0.062500
5 0.660937 0.450391 0.050000 0.066406
5 0.519531 0.480859 0.054688 0.071094
8 0.739062 0.503516 0.084375 0.128906
5 0.542969 0.582812 0.076563 0.093750
8 0.050000 0.583984 0.100000 0.171094
5 0.675781 0.587500 0.085938 0.112500
2 0.897656 0.590234 0.204687 0.321094
5 0.260156 0.716016 0.110937 0.141406
5 0.647656 0.822266 0.157812 0.228906
