5 0.480469 0.380078 0.020313 0.022656
9 0.321094 0.408203 0.032813 0.053906
8 0.596875 0.434375 0.043750 0.075000
9 0.276562 0.442188 0.059375 0.075000
10 0.560156 0.448828 0.042188 0.085156
5 0.397656 0.451172 0.039062 0.052344
5 0.346875 0.451953 0.043750 0.041406
5 0.320312 0.487891 0.037500 0.053906
10 0.178906 0.494922 0.082812 0.114844
5 0.375000 0.502734 0.046875 0.058594
10 0.246875 0.550391 0.146875 0.178906
5 0.373437 0.551562 0.062500 0.056250
5 0.343750 0.591016 0.059375 0.053906
5 0.333594 0.651953 0.098437 0.103906
5 0.288281 0.747266 0.120313 0.128906
9 0.114844 0.775391 0.226562 0.447656
5 0.615625 0.793359 0.112500 0.196094
5 0.264844 0.909766 0.135937 0.172656
