1 0.464062 0.337109 0.043750 0.064844
1 0.525781 0.337500 0.051562 0.081250
5 0.469531 0.359375 0.026562 0.031250
8 0.620313 0.384375 0.062500 0.100000
1 0.564844 0.390234 0.067187 0.108594
5 0.480469 0.395313 0.032813 0.043750
5 0.304688 0.404297 0.037500 0.046094
5 0.652344 0.436328 0.045312 0.060156
5 0.497656 0.438672 0.042188 0.064844
5 0.341406 0.464062 0.054688 0.056250
5 0.514844 0.483984 0.042188 0.071094
9 0.764062 0.492188 0.159375 0.212500
8 0.207813 0.510938 0.084375 0.112500
5 0.620313 0.513672 0.068750 0.089844
5 0.527344 0.557813 0.073438 0.118750
8 0.040625 0.616797 0.081250 0.183594
5 0.971094 0.654687 0.057813 0.125000
5 0.567187 0.680078 0.106250 0.160156
5 0.733594 0.688672 0.114062 0.152344
