5 0.510156 0.355859 0.029687 0.039844
5 0.387500 0.360938 0.031250 0.025000
5 0.475000 0.362500 0.018750 0.037500
5 0.477344 0.387500 0.026562 0.025000
5 0.401562 0.413672 0.071875 0.064844
5 0.364844 0.415625 0.051562 0.062500
5 0.329688 0.446484 0.090625 0.071094
5 0.571094 0.474609 0.032813 0.033594
5 0.371094 0.512500 0.101562 0.100000
9 0.129688 0.568750 0.081250 0.131250
5 0.714063 0.596875 0.109375 0.062500
10 0.209375 0.641016 0.137500 0.203906
5 0.320312 0.653125 0.096875 0.131250
5 0.719531 0.703516 0.079687 0.085156
5 0.598437 0.721875 0.071875 0.100000
5 0.643750 0.763672 0.003125 0.002344
5 0.710938 0.915234 0.140625 0.146094
5 0.104688 0.926953 0.078125 0.128906
5 0.958594 0.953516 0.082812 0.091406
