5 0.340625 0.348438 0.031250 0.037500
5 0.571875 0.352734 0.034375 0.039844
5 0.387500 0.354297 0.031250 0.033594
5 0.528906 0.368359 0.029687 0.039844
5 0.616406 0.373828 0.032813 0.047656
5 0.588281 0.375391 0.032813 0.035156
5 0.485938 0.390625 0.037500 0.043750
5 0.554688 0.398828 0.034375 0.047656
5 0.337500 0.403516 0.040625 0.047656
2 0.689063 0.419922 0.109375 0.177344
5 0.508594 0.443359 0.051562 0.064844
2 0.597656 0.448437 0.076563 0.112500
5 0.524219 0.532813 0.067187 0.093750
5 0.834375 0.627734 0.103125 0.102344
5 0.564844 0.670703 0.092188 0.153906
5 0.732031 0.678516 0.101562 0.128906
