10 0.340625 0.378125 0.034375 0.050000
5 0.524219 0.402734 0.020313 0.033594
10 0.318750 0.403516 0.053125 0.078906
5 0.423438 0.405859 0.021875 0.027344
5 0.405469 0.409766 0.023438 0.028906
8 0.357031 0.418359 0.042188 0.058594
5 0.492969 0.418359 0.026562 0.033594
5 0.282031 0.423828 0.035937 0.035156
5 0.396875 0.428516 0.031250 0.035156
5 0.400781 0.444141 0.032813 0.028906
5 0.245312 0.449609 0.034375 0.039844
8 0.333594 0.461328 0.057813 0.085156
5 0.397656 0.462891 0.039062 0.047656
5 0.261719 0.476172 0.039062 0.052344
5 0.379688 0.503516 0.050000 0.060156
5 0.292187 0.518359 0.053125 0.071094
5 0.160938 0.519141 0.050000 0.060156
8 0.210156 0.520703 0.082812 0.103906
5 0.228906 0.631250 0.085938 0.100000
5 0.336719 0.637891 0.079687 0.103906
5 0.586719 0.659766 0.079687 0.116406
5 0.097656 0.677734 0.101562 0.114844
