10 0.297656 0.418359 0.054688 0.083594
1 0.545312 0.421484 0.053125 0.083594
5 0.592187 0.433984 0.031250 0.046094
8 0.335156 0.446484 0.045312 0.071094
5 0.398438 0.465234 0.034375 0.046094
10 0.242188 0.470313 0.078125 0.118750
5 0.646094 0.478516 0.042188 0.060156
5 0.193750 0.488672 0.037500 0.052344
5 0.315625 0.500000 0.046875 0.056250
5 0.375781 0.503125 0.039062 0.056250
5 0.596094 0.508203 0.051562 0.066406
5 0.525781 0.512500 0.045312 0.062500
5 0.715625 0.541016 0.071875 0.078906
10 0.250000 0.573047 0.109375 0.158594
5 0.141406 0.612891 0.070312 0.078906
5 0.353906 0.618750 0.067187 0.081250
5 0.045312 0.621484 0.090625 0.108594
5 0.674219 0.650000 0.092188 0.125000
5 0.264062 0.866016 0.134375 0.172656
5 0.070312 0.881641 0.140625 0.235156
5 0.647656 0.910937 0.132812 0.178125
5 0.891406 0.912500 0.167187 0.175000
