9 0.610156 0.426563 0.054688 0.081250
1 0.550000 0.428125 0.053125 0.081250
10 0.326562 0.453516 0.056250 0.078906
5 0.512500 0.471875 0.031250 0.056250
5 0.389062 0.475000 0.034375 0.037500
10 0.601562 0.492578 0.075000 0.110156
5 0.383594 0.508203 0.042188 0.041406
8 0.203125 0.523438 0.078125 0.112500
1 0.265625 0.543750 0.121875 0.162500
5 0.367969 0.552734 0.054688 0.064844
10 0.131250 0.574609 0.109375 0.114844
5 0.547656 0.609766 0.067187 0.091406
5 0.335156 0.633984 0.070312 0.083594
5 0.305469 0.739453 0.101562 0.128906
9 0.110156 0.809375 0.220312 0.381250
5 0.671094 0.900391 0.135937 0.197656
