6 0.381250 0.369141 0.034375 0.041406
6 0.325000 0.371484 0.037500 0.046094
6 0.280469 0.375391 0.039062 0.047656
6 0.496094 0.398047 0.035937 0.046094
5 0.503906 0.450391 0.042188 0.060156
5 0.664844 0.452734 0.054688 0.064844
5 0.605469 0.478516 0.054688 0.072656
11 0.761719 0.516797 0.095312 0.158594
5 0.528125 0.523828 0.062500 0.097656
5 0.645312 0.533984 0.068750 0.102344
5 0.318750 0.546875 0.068750 0.100000
10 0.721094 0.629687 0.132812 0.212500
11 0.890625 0.675000 0.140625 0.150000
5 0.622656 0.792188 0.126562 0.200000
