10 0.280469 0.437109 0.064062 0.096094
5 0.392188 0.450000 0.034375 0.043750
5 0.610156 0.454688 0.032813 0.037500
5 0.232031 0.458984 0.045312 0.039844
5 0.341406 0.459766 0.032813 0.041406
5 0.581250 0.493359 0.050000 0.064844
5 0.220312 0.496484 0.040625 0.046094
5 0.518750 0.503125 0.037500 0.056250
10 0.300781 0.506641 0.076563 0.110156
5 0.384375 0.509766 0.046875 0.053906
5 0.128125 0.548828 0.065625 0.072656
5 0.346875 0.589063 0.062500 0.081250
5 0.135156 0.596875 0.073438 0.093750
5 0.547656 0.604688 0.067187 0.112500
8 0.685156 0.626563 0.101562 0.168750
5 0.207813 0.645703 0.084375 0.103906
5 0.574219 0.755078 0.095312 0.135156
5 0.180469 0.790234 0.154688 0.139844
5 0.924219 0.842187 0.142187 0.200000
