1 0.464062 0.337109 0.043750 0.064844
1 0.525781 0.337500 0.051562 0.081250
5 0.469531 0.359375 0.026562 0.031250
5 0.322656 0.379297 0.032813 0.046094
1 0.564844 0.390234 0.067187 0.108594
8 0.628125 0.393750 0.062500 0.100000
5 0.480469 0.395313 0.032813 0.043750
5 0.361719 0.412891 0.042188 0.060156
5 0.497656 0.438672 0.042188 0.064844
8 0.256250 0.447266 0.068750 0.085156
5 0.661719 0.448828 0.045312 0.060156
5 0.516406 0.491797 0.042188 0.071094
8 0.139063 0.499609 0.096875 0.133594
9 0.796094 0.508203 0.170313 0.216406
5 0.643750 0.553125 0.071875 0.112500
5 0.538281 0.602734 0.082812 0.139844
5 0.268750 0.722266 0.103125 0.160156
5 0.606250 0.762500 0.118750 0.175000
5 0.796094 0.791016 0.154688 0.203906
