5 0.385937 0.337891 0.028125 0.035156
8 0.280469 0.359375 0.045312 0.062500
10 0.535937 0.367578 0.037500 0.060156
5 0.482031 0.376953 0.032813 0.041406
5 0.544531 0.407422 0.026562 0.052344
5 0.490625 0.423828 0.040625 0.060156
11 0.647656 0.425000 0.042188 0.075000
12 0.600781 0.443750 0.092188 0.156250
10 0.700000 0.471484 0.078125 0.096094
5 0.513281 0.494141 0.054688 0.066406
5 0.792188 0.580859 0.081250 0.102344
5 0.683594 0.609766 0.085938 0.110156
5 0.603906 0.715234 0.095312 0.146094
11 0.945312 0.714453 0.109375 0.253906
