5 0.475781 0.357812 0.035937 0.031250
5 0.325781 0.363672 0.032813 0.039844
5 0.379688 0.365234 0.034375 0.046094
3 0.543750 0.369922 0.056250 0.089844
5 0.479687 0.384375 0.031250 0.037500
9 0.660156 0.396875 0.095312 0.118750
5 0.492969 0.407813 0.039062 0.031250
5 0.546094 0.419922 0.023438 0.052344
3 0.594531 0.440234 0.095312 0.164844
5 0.499219 0.447266 0.051562 0.053906
5 0.513281 0.486328 0.060937 0.060156
5 0.524219 0.531250 0.067187 0.081250
5 0.796094 0.550000 0.070312 0.093750
9 0.706250 0.552734 0.153125 0.271094
3 0.054688 0.589453 0.109375 0.253906
5 0.313281 0.595313 0.076563 0.093750
5 0.546094 0.596484 0.079687 0.108594
5 0.868750 0.654297 0.115625 0.133594
5 0.610938 0.753125 0.125000 0.206250
5 0.932813 0.910937 0.134375 0.175000
