9 0.490625 0.346875 0.018750 0.037500
5 0.469531 0.362109 0.010937 0.014844
10 0.343750 0.384375 0.034375 0.056250
8 0.366406 0.406250 0.029687 0.043750
5 0.400000 0.407813 0.025000 0.018750
8 0.313281 0.417578 0.042188 0.060156
5 0.398438 0.428516 0.028125 0.028906
5 0.275000 0.431250 0.034375 0.031250
5 0.554688 0.441016 0.031250 0.041406
10 0.343750 0.443359 0.043750 0.071094
5 0.400000 0.454297 0.031250 0.033594
5 0.278125 0.468359 0.034375 0.039844
5 0.392188 0.470703 0.034375 0.041406
5 0.323437 0.476172 0.037500 0.052344
5 0.378125 0.494922 0.037500 0.052344
5 0.281250 0.518750 0.043750 0.056250
5 0.273438 0.561328 0.059375 0.072656
5 0.354687 0.569141 0.059375 0.085156
9 0.107031 0.579297 0.173437 0.196094
5 0.042969 0.612500 0.073438 0.068750
5 0.214844 0.672266 0.085938 0.097656
5 0.242188 0.953516 0.153125 0.091406
