9 0.597656 0.345703 0.048438 0.078906
12 0.549219 0.371875 0.067187 0.100000
10 0.207813 0.395703 0.084375 0.116406
6 0.300781 0.402734 0.067187 0.071094
5 0.492969 0.444922 0.039062 0.064844
5 0.354687 0.450391 0.046875 0.053906
5 0.271875 0.462109 0.059375 0.071094
5 0.189844 0.466016 0.064062 0.053906
9 0.638281 0.468359 0.107813 0.189844
9 0.818750 0.573438 0.156250 0.162500
10 0.172656 0.579688 0.123438 0.187500
5 0.553906 0.615625 0.073438 0.125000
10 0.764062 0.625000 0.146875 0.262500
5 0.244531 0.828125 0.139063 0.187500
