8 0.392188 0.272266 0.015625 0.028906
8 0.408594 0.284766 0.017188 0.035156
8 0.345313 0.287109 0.018750 0.027344
8 0.377344 0.286328 0.017188 0.035156
8 0.352344 0.310937 0.023438 0.037500
5 0.462500 0.317578 0.018750 0.022656
8 0.388281 0.334766 0.029687 0.053906
5 0.473438 0.339062 0.025000 0.018750
5 0.476562 0.355859 0.028125 0.021094
5 0.334375 0.359766 0.031250 0.047656
5 0.246484 0.373828 0.089844 0.138281
5 0.475000 0.374609 0.021875 0.027344
2 0.607031 0.373828 0.039062 0.072656
2 0.550781 0.383984 0.045312 0.071094
5 0.485938 0.392188 0.025000 0.025000
5 0.492969 0.409766 0.023438 0.022656
8 0.657031 0.412891 0.051562 0.091406
5 0.569531 0.419141 0.026562 0.047656
5 0.507031 0.421484 0.001563 0.002344
5 0.500000 0.434766 0.040625 0.035156
5 0.588281 0.449609 0.032813 0.064844
8 0.725000 0.465234 0.081250 0.139844
5 0.507031 0.466797 0.042188 0.046094
5 0.521094 0.489453 0.051562 0.041406
8 0.610156 0.500000 0.042188 0.112500
5 0.113281 0.531250 0.076563 0.087500
8 0.666406 0.552734 0.089063 0.164844
5 0.521094 0.558203 0.070312 0.116406
8 0.737500 0.637891 0.043750 0.141406
5 0.267188 0.669141 0.090625 0.116406
5 0.562500 0.678125 0.090625 0.118750
2 0.828906 0.701953 0.160938 0.316406
5 0.602344 0.821875 0.123438 0.150000
5 0.649219 0.951562 0.132812 0.096875
