9 0.577344 0.462891 0.070312 0.135156
9 0.250781 0.465234 0.073438 0.096094
5 0.322656 0.487500 0.042188 0.056250
8 0.664844 0.491016 0.070312 0.110156
5 0.374219 0.513672 0.045312 0.064844
5 0.525781 0.515625 0.045312 0.062500
9 0.162500 0.533984 0.137500 0.164844
5 0.292187 0.536328 0.050000 0.060156
5 0.367188 0.567578 0.053125 0.072656
5 0.263281 0.583203 0.067187 0.091406
5 0.595313 0.614062 0.071875 0.106250
5 0.331250 0.652734 0.071875 0.083594
10 0.100000 0.798438 0.200000 0.403125
5 0.278906 0.825391 0.129688 0.178906
