10 0.334375 0.443750 0.056250 0.062500
5 0.388281 0.471875 0.039062 0.043750
9 0.674219 0.480859 0.095312 0.102344
8 0.235937 0.491016 0.059375 0.091406
5 0.383594 0.501953 0.042188 0.041406
1 0.292969 0.506250 0.089063 0.131250
10 0.169531 0.531641 0.085938 0.078906
5 0.370312 0.544141 0.050000 0.060156
5 0.534375 0.550391 0.053125 0.078906
1 0.701562 0.583984 0.153125 0.208594
5 0.349219 0.601172 0.064062 0.064844
5 0.324219 0.671875 0.085938 0.106250
10 0.046094 0.671875 0.092188 0.218750
9 0.139063 0.712500 0.228125 0.312500
5 0.625000 0.763672 0.100000 0.164844
10 0.901563 0.857812 0.196875 0.284375
7 0.275781 0.887500 0.129688 0.193750
