6 0.282031 0.351953 0.054688 0.066406
5 0.387500 0.358203 0.034375 0.053906
5 0.346094 0.364063 0.042188 0.056250
6 0.300781 0.410547 0.039062 0.046094
2 0.689063 0.440625 0.121875 0.162500
6 0.257812 0.446484 0.090625 0.139844
5 0.357031 0.448047 0.057813 0.083594
5 0.600781 0.453125 0.057813 0.075000
5 0.515625 0.500000 0.062500 0.081250
5 0.722656 0.510547 0.073438 0.096094
5 0.336719 0.512500 0.067187 0.100000
5 0.626563 0.523438 0.065625 0.100000
5 0.537500 0.548047 0.075000 0.108594
5 0.790625 0.576172 0.084375 0.077344
6 0.664844 0.579297 0.101562 0.183594
5 0.594531 0.637109 0.101562 0.133594
2 0.906250 0.641797 0.187500 0.421094
8 0.548438 0.691016 0.109375 0.216406
6 0.811719 0.741797 0.217188 0.371094
5 0.101562 0.785937 0.168750 0.200000
