2 0.274219 0.346875 0.060937 0.075000
8 0.340625 0.352734 0.043750 0.052344
5 0.385937 0.362891 0.034375 0.035156
5 0.371875 0.401953 0.031250 0.066406
8 0.286719 0.420312 0.092188 0.118750
5 0.492969 0.449609 0.054688 0.064844
5 0.688281 0.465234 0.045312 0.064844
2 0.621094 0.469922 0.132812 0.227344
5 0.520312 0.470703 0.046875 0.041406
2 0.778906 0.491016 0.142187 0.203906
8 0.190625 0.512891 0.115625 0.147656
5 0.527344 0.519141 0.085938 0.072656
5 0.546875 0.604688 0.081250 0.125000
5 0.939844 0.643750 0.120313 0.137500
2 0.771875 0.662500 0.259375 0.343750
5 0.599219 0.774609 0.126562 0.214844
2 0.900781 0.815625 0.198437 0.368750
5 0.229687 0.845703 0.159375 0.216406
5 0.642969 0.973437 0.167187 0.053125
