8 0.315625 0.318750 0.034375 0.056250
5 0.380469 0.355859 0.026562 0.039844
5 0.611719 0.362891 0.070312 0.110156
8 0.552344 0.387891 0.051562 0.091406
2 0.284375 0.400391 0.084375 0.141406
5 0.493750 0.403125 0.037500 0.050000
5 0.372656 0.415234 0.042188 0.064844
5 0.571875 0.424609 0.034375 0.052344
5 0.594531 0.453125 0.045312 0.075000
2 0.727344 0.459766 0.132812 0.228906
5 0.504687 0.464453 0.046875 0.066406
5 0.342969 0.485938 0.064062 0.075000
5 0.516406 0.498047 0.060937 0.083594
8 0.623437 0.512500 0.071875 0.131250
5 0.532031 0.531250 0.057813 0.087500
8 0.670312 0.543359 0.109375 0.208594
8 0.837500 0.576953 0.140625 0.216406
5 0.043750 0.629297 0.087500 0.108594
8 0.538281 0.634766 0.089063 0.166406
5 0.580469 0.740234 0.107813 0.171094
2 0.857812 0.753516 0.225000 0.428906
5 0.613281 0.862891 0.142187 0.222656
5 0.642188 0.948438 0.150000 0.103125
