5 0.506250 0.453125 0.031250 0.056250
10 0.328125 0.453516 0.056250 0.078906
9 0.580469 0.464062 0.060937 0.093750
5 0.389062 0.475000 0.034375 0.037500
5 0.383594 0.508203 0.042188 0.041406
8 0.203125 0.523438 0.078125 0.112500
1 0.260937 0.548438 0.121875 0.162500
5 0.367969 0.552734 0.054688 0.064844
5 0.528125 0.557422 0.056250 0.077344
10 0.118750 0.583984 0.109375 0.114844
5 0.335156 0.633984 0.070312 0.083594
5 0.606250 0.737891 0.100000 0.153906
5 0.305469 0.739453 0.101562 0.128906
9 0.107813 0.819141 0.209375 0.360156
