10 0.541406 0.366016 0.042188 0.078906
5 0.482812 0.390625 0.034375 0.043750
12 0.620313 0.397266 0.075000 0.078906
5 0.507812 0.401172 0.031250 0.039844
5 0.703906 0.428125 0.051562 0.056250
4 0.499219 0.445703 0.054688 0.103906
10 0.754687 0.466016 0.062500 0.060156
10 0.620313 0.494922 0.081250 0.127344
5 0.531250 0.531250 0.071875 0.106250
10 0.746875 0.540234 0.100000 0.127344
8 0.185938 0.546875 0.115625 0.181250
5 0.045312 0.603516 0.090625 0.103906
5 0.707812 0.641797 0.100000 0.133594
11 0.874219 0.645703 0.123438 0.166406
5 0.573438 0.687109 0.103125 0.164844
