5 0.388281 0.471875 0.039062 0.043750
8 0.259375 0.473438 0.053125 0.087500
1 0.313281 0.481641 0.076563 0.110156
10 0.200781 0.501953 0.073438 0.066406
5 0.383594 0.501953 0.042188 0.041406
1 0.577344 0.517188 0.110937 0.175000
5 0.370312 0.544141 0.050000 0.060156
5 0.350781 0.596484 0.064062 0.064844
10 0.101562 0.599609 0.106250 0.164844
9 0.217969 0.605859 0.145313 0.202344
5 0.331250 0.654687 0.075000 0.100000
5 0.585156 0.676172 0.089063 0.139844
9 0.888281 0.693750 0.223438 0.300000
7 0.303906 0.781250 0.107813 0.156250
