5 0.387500 0.343750 0.028125 0.037500
5 0.367188 0.372266 0.037500 0.041406
2 0.626563 0.372266 0.071875 0.128906
8 0.252344 0.376563 0.045312 0.068750
8 0.553906 0.385937 0.048438 0.087500
2 0.305469 0.390625 0.073438 0.100000
5 0.489844 0.425000 0.042188 0.068750
5 0.570312 0.425391 0.031250 0.053906
8 0.663281 0.425391 0.073438 0.116406
5 0.365625 0.432422 0.043750 0.052344
5 0.594531 0.452734 0.045312 0.071094
5 0.500781 0.458984 0.045312 0.064844
5 0.303906 0.490234 0.054688 0.071094
5 0.514844 0.489453 0.057813 0.078906
8 0.780469 0.503516 0.104688 0.128906
8 0.624219 0.508203 0.060937 0.128906
5 0.531250 0.529687 0.059375 0.075000
8 0.666406 0.546484 0.107813 0.202344
5 0.560156 0.575391 0.067187 0.103906
8 0.532813 0.625391 0.078125 0.153906
8 0.732812 0.646875 0.037500 0.143750
7 0.170313 0.664453 0.128125 0.166406
2 0.855469 0.709375 0.220312 0.343750
5 0.577344 0.740234 0.110937 0.177344
5 0.613281 0.853125 0.132812 0.200000
