6 0.332031 0.355859 0.039062 0.071094
5 0.382812 0.362500 0.031250 0.037500
5 0.358594 0.399609 0.039062 0.046094
5 0.573438 0.421875 0.040625 0.056250
5 0.652344 0.425000 0.032813 0.056250
2 0.717969 0.460938 0.120313 0.150000
5 0.503125 0.469141 0.053125 0.072656
5 0.336719 0.476953 0.057813 0.066406
5 0.612500 0.492188 0.062500 0.087500
5 0.522656 0.518359 0.064062 0.083594
8 0.771875 0.562500 0.084375 0.093750
5 0.548438 0.575000 0.084375 0.106250
5 0.195312 0.588672 0.090625 0.102344
5 0.896094 0.592578 0.089063 0.085156
5 0.707812 0.641016 0.087500 0.135156
5 0.870313 0.667188 0.096875 0.125000
5 0.275781 0.678125 0.098437 0.137500
5 0.621875 0.740234 0.109375 0.158594
6 0.805469 0.765234 0.160938 0.277344
8 0.596094 0.884766 0.142187 0.228906
