9 0.354687 0.312500 0.037500 0.062500
9 0.506250 0.315234 0.034375 0.058594
5 0.392188 0.329688 0.028125 0.037500
9 0.280469 0.345313 0.057813 0.056250
5 0.379688 0.358984 0.034375 0.039844
11 0.539062 0.360547 0.043750 0.083594
3 0.321094 0.365625 0.064062 0.081250
5 0.478906 0.368359 0.032813 0.046094
11 0.245312 0.385937 0.053125 0.075000
11 0.607812 0.390234 0.050000 0.077344
11 0.362500 0.410938 0.043750 0.062500
5 0.213281 0.526563 0.076563 0.106250
5 0.322656 0.558984 0.060937 0.083594
5 0.577344 0.596484 0.073438 0.127344
5 0.694531 0.600391 0.089063 0.116406
