8 0.263281 0.378516 0.048438 0.060156
8 0.300781 0.408203 0.045312 0.053906
3 0.663281 0.408203 0.095312 0.128906
5 0.492969 0.421484 0.042188 0.052344
5 0.346094 0.428125 0.048438 0.056250
10 0.597656 0.462109 0.060937 0.114844
5 0.521094 0.475391 0.057813 0.085156
5 0.341406 0.484375 0.054688 0.068750
11 0.801562 0.562891 0.100000 0.147656
5 0.675781 0.581250 0.079687 0.112500
5 0.596094 0.734375 0.114062 0.168750
5 0.942187 0.749609 0.115625 0.183594
5 0.224219 0.828125 0.129688 0.168750
5 0.071094 0.829688 0.142187 0.175000
5 0.821875 0.862891 0.162500 0.203906
