5 0.392969 0.338672 0.029687 0.039844
2 0.277344 0.355078 0.045312 0.072656
8 0.606250 0.369141 0.053125 0.091406
5 0.372656 0.375391 0.035937 0.060156
2 0.312500 0.381250 0.068750 0.106250
8 0.635938 0.395313 0.075000 0.106250
5 0.712500 0.425391 0.059375 0.072656
8 0.699219 0.474609 0.064062 0.089844
8 0.223438 0.476172 0.087500 0.139844
5 0.345313 0.476172 0.075000 0.077344
8 0.518750 0.494141 0.068750 0.078906
8 0.619531 0.506250 0.060937 0.131250
2 0.816406 0.525391 0.132812 0.141406
8 0.670312 0.562109 0.103125 0.196094
8 0.139063 0.568750 0.103125 0.187500
5 0.521875 0.571484 0.059375 0.096094
5 0.562500 0.616016 0.103125 0.110156
2 0.968750 0.625391 0.062500 0.135156
8 0.739062 0.631250 0.065625 0.118750
2 0.843750 0.725000 0.209375 0.343750
5 0.570312 0.753516 0.100000 0.203906
2 0.931250 0.837500 0.137500 0.325000
5 0.736719 0.901563 0.164062 0.196875
5 0.175781 0.962500 0.173437 0.075000
