5 0.314063 0.323828 0.037500 0.047656
2 0.597656 0.343750 0.051562 0.100000
2 0.540625 0.356641 0.059375 0.110156
1 0.486719 0.366016 0.054688 0.097656
5 0.386719 0.367578 0.032813 0.047656
5 0.644531 0.375391 0.035937 0.035156
5 0.254688 0.381641 0.040625 0.072656
5 0.309375 0.389062 0.040625 0.081250
5 0.364844 0.416797 0.045312 0.046094
5 0.514844 0.487109 0.054688 0.096094
2 0.661719 0.531641 0.151562 0.247656
2 0.829688 0.549609 0.187500 0.246094
5 0.277344 0.730078 0.107813 0.135156
2 0.078125 0.747266 0.156250 0.222656
