5 0.507812 0.384375 0.021875 0.031250
5 0.548438 0.387891 0.025000 0.035156
5 0.485938 0.401172 0.018750 0.027344
5 0.573438 0.406641 0.028125 0.035156
5 0.520312 0.412891 0.021875 0.028906
5 0.416406 0.425391 0.017188 0.035156
5 0.543750 0.429688 0.025000 0.037500
10 0.275781 0.437500 0.051562 0.093750
8 0.345313 0.437109 0.040625 0.064844
5 0.488281 0.437891 0.026562 0.035156
8 0.623437 0.451953 0.037500 0.053906
5 0.389844 0.462500 0.032813 0.037500
8 0.323437 0.464062 0.043750 0.081250
5 0.517188 0.484375 0.031250 0.050000
5 0.617969 0.489453 0.045312 0.053906
10 0.206250 0.496484 0.112500 0.139844
5 0.382812 0.512109 0.034375 0.046094
5 0.600781 0.520703 0.042188 0.053906
5 0.346875 0.587109 0.050000 0.083594
5 0.052344 0.632812 0.085938 0.106250
10 0.201563 0.637891 0.150000 0.197656
5 0.717969 0.650391 0.073438 0.110156
5 0.612500 0.779297 0.087500 0.146094
5 0.046094 0.819141 0.089063 0.128906
5 0.291406 0.846484 0.076563 0.158594
