5 0.373437 0.303516 0.031250 0.028906
8 0.320312 0.309766 0.046875 0.066406
5 0.399219 0.312500 0.042188 0.031250
5 0.391406 0.352734 0.042188 0.058594
2 0.542969 0.373437 0.082812 0.112500
5 0.358594 0.433984 0.060937 0.071094
5 0.682031 0.453125 0.051562 0.075000
5 0.503125 0.469922 0.050000 0.077344
8 0.621875 0.484375 0.090625 0.143750
5 0.734375 0.499609 0.075000 0.102344
5 0.537500 0.551562 0.071875 0.106250
5 0.687500 0.617188 0.115625 0.150000
5 0.946875 0.643359 0.090625 0.127344
5 0.578906 0.676953 0.114062 0.166406
2 0.969531 0.733203 0.060937 0.278906
5 0.631250 0.895312 0.162500 0.209375
