9 0.321875 0.396484 0.050000 0.077344
5 0.408594 0.430859 0.029687 0.033594
9 0.337500 0.435547 0.062500 0.096094
12 0.278906 0.436328 0.070312 0.110156
5 0.501563 0.451562 0.034375 0.043750
5 0.393750 0.468359 0.034375 0.046094
5 0.309375 0.503125 0.050000 0.056250
5 0.528906 0.503516 0.042188 0.060156
8 0.219531 0.519141 0.064062 0.091406
5 0.375000 0.527734 0.050000 0.058594
10 0.632812 0.527734 0.090625 0.171094
5 0.152344 0.533984 0.054688 0.052344
5 0.546875 0.575391 0.059375 0.097656
7 0.359375 0.599609 0.062500 0.089844
8 0.120313 0.628125 0.118750 0.131250
5 0.179688 0.718359 0.103125 0.114844
5 0.328125 0.719922 0.090625 0.114844
5 0.650000 0.909766 0.125000 0.178906
