8 0.346875 0.335547 0.043750 0.083594
8 0.392969 0.337891 0.035937 0.072656
5 0.532031 0.356250 0.029687 0.043750
5 0.362500 0.404687 0.040625 0.062500
2 0.700000 0.407813 0.140625 0.131250
8 0.599219 0.419922 0.060937 0.102344
5 0.539844 0.434766 0.048438 0.103906
5 0.478906 0.444141 0.045312 0.078906
5 0.498437 0.469141 0.043750 0.072656
5 0.342187 0.480859 0.081250 0.096094
5 0.642188 0.512500 0.050000 0.106250
5 0.525000 0.539453 0.084375 0.116406
5 0.858594 0.541016 0.101562 0.128906
2 0.710938 0.571875 0.146875 0.275000
2 0.107031 0.633984 0.214062 0.402344
5 0.565625 0.639062 0.109375 0.181250
5 0.589063 0.744922 0.121875 0.177344
2 0.850000 0.753516 0.300000 0.491406
5 0.662500 0.956250 0.165625 0.087500
