10 0.266406 0.449609 0.073438 0.108594
5 0.387500 0.462500 0.034375 0.043750
8 0.568750 0.464062 0.043750 0.081250
5 0.336719 0.469141 0.032813 0.041406
5 0.507031 0.497266 0.039062 0.053906
5 0.177344 0.506641 0.054688 0.053906
10 0.286719 0.524609 0.082812 0.121094
5 0.200000 0.539062 0.053125 0.056250
5 0.376563 0.550391 0.046875 0.053906
1 0.666406 0.577734 0.151562 0.221094
5 0.074219 0.659766 0.095312 0.116406
5 0.326562 0.662891 0.075000 0.103906
5 0.851562 0.678125 0.131250 0.131250
5 0.160938 0.718750 0.106250 0.137500
