9 0.351562 0.382812 0.028125 0.056250
5 0.477344 0.384375 0.020313 0.031250
8 0.524219 0.392578 0.026562 0.047656
9 0.326562 0.398828 0.037500 0.060156
10 0.300000 0.412109 0.053125 0.052344
5 0.360938 0.431250 0.028125 0.031250
5 0.403125 0.439063 0.034375 0.043750
10 0.257031 0.440234 0.067187 0.064844
5 0.338281 0.471484 0.032813 0.046094
5 0.578906 0.496484 0.060937 0.083594
10 0.289844 0.500000 0.092188 0.131250
5 0.389844 0.500000 0.048438 0.056250
8 0.207813 0.507422 0.056250 0.077344
5 0.364063 0.554297 0.046875 0.071094
9 0.154688 0.655859 0.225000 0.308594
5 0.331250 0.659766 0.090625 0.110156
5 0.617969 0.709766 0.101562 0.166406
5 0.296875 0.752734 0.109375 0.127344
10 0.065625 0.867188 0.131250 0.265625
5 0.260156 0.912891 0.139063 0.172656
