6 0.274219 0.358203 0.054688 0.066406
5 0.387500 0.358203 0.034375 0.053906
5 0.338281 0.375000 0.042188 0.056250
2 0.689063 0.440625 0.121875 0.162500
5 0.600781 0.453125 0.057813 0.075000
6 0.225781 0.483203 0.117188 0.153906
5 0.345313 0.486328 0.068750 0.085156
5 0.515625 0.500000 0.062500 0.081250
5 0.722656 0.510547 0.073438 0.096094
5 0.615625 0.512500 0.065625 0.100000
5 0.537500 0.548047 0.075000 0.108594
6 0.664844 0.571484 0.101562 0.183594
5 0.781250 0.571875 0.100000 0.087500
5 0.313281 0.583984 0.095312 0.108594
5 0.594531 0.637109 0.101562 0.133594
2 0.906250 0.641797 0.187500 0.421094
8 0.548438 0.691016 0.109375 0.216406
6 0.798438 0.710938 0.200000 0.325000
