6 0.313281 0.352734 0.060937 0.096094
9 0.647656 0.406250 0.082812 0.106250
6 0.264062 0.408984 0.093750 0.133594
5 0.559375 0.412109 0.040625 0.046094
5 0.367969 0.427734 0.042188 0.058594
5 0.496875 0.428516 0.043750 0.053906
8 0.188281 0.431641 0.064062 0.072656
5 0.600781 0.467578 0.051562 0.060156
10 0.119531 0.490625 0.085938 0.100000
5 0.651563 0.532813 0.071875 0.093750
5 0.555469 0.628516 0.082812 0.128906
10 0.928125 0.720703 0.143750 0.241406
5 0.781250 0.800391 0.131250 0.160156
8 0.659375 0.909375 0.162500 0.181250
5 0.218750 0.918750 0.156250 0.162500
