5 0.396875 0.333203 0.034375 0.041406
5 0.373437 0.378516 0.046875 0.053906
5 0.556250 0.390234 0.050000 0.083594
8 0.196094 0.412500 0.073438 0.062500
5 0.488281 0.412500 0.032813 0.037500
8 0.654687 0.426172 0.056250 0.077344
8 0.663281 0.426563 0.070312 0.093750
5 0.577344 0.427734 0.045312 0.046094
5 0.502344 0.440234 0.039062 0.046094
5 0.353125 0.446484 0.059375 0.058594
5 0.592187 0.450000 0.037500 0.062500
5 0.512500 0.477734 0.053125 0.058594
8 0.768750 0.493750 0.100000 0.143750
8 0.624219 0.502734 0.064062 0.108594
5 0.531250 0.519922 0.056250 0.064844
8 0.667188 0.552734 0.103125 0.177344
2 0.182031 0.562891 0.167187 0.266406
8 0.888281 0.570703 0.167187 0.166406
5 0.560937 0.576562 0.068750 0.093750
8 0.536719 0.612109 0.073438 0.127344
8 0.750000 0.636328 0.075000 0.135156
5 0.589063 0.707812 0.109375 0.118750
2 0.825000 0.707422 0.171875 0.339844
5 0.289062 0.734766 0.203125 0.191406
5 0.605469 0.832422 0.117188 0.127344
2 0.928906 0.843359 0.142187 0.308594
5 0.082031 0.917188 0.164062 0.165625
5 0.641406 0.944141 0.160938 0.103906
