6 0.310156 0.355078 0.064062 0.097656
5 0.558594 0.405859 0.035937 0.046094
9 0.642188 0.410547 0.078125 0.108594
6 0.259375 0.418750 0.096875 0.143750
5 0.495312 0.418750 0.040625 0.050000
5 0.364063 0.437500 0.046875 0.062500
8 0.179688 0.443359 0.065625 0.077344
5 0.592969 0.454297 0.048438 0.058594
10 0.105469 0.506641 0.092188 0.116406
5 0.644531 0.521484 0.070312 0.089844
5 0.551562 0.608203 0.075000 0.116406
10 0.916406 0.688672 0.160938 0.214844
5 0.764844 0.770312 0.126562 0.156250
8 0.646875 0.884766 0.153125 0.222656
