8 0.296094 0.431641 0.051562 0.072656
1 0.342187 0.433203 0.062500 0.091406
10 0.258594 0.451562 0.048438 0.043750
5 0.503906 0.460938 0.042188 0.050000
5 0.388281 0.471875 0.039062 0.043750
9 0.291406 0.499609 0.092188 0.133594
10 0.209375 0.502734 0.071875 0.108594
5 0.383594 0.501953 0.042188 0.041406
5 0.605469 0.508984 0.051562 0.077344
5 0.373437 0.541016 0.050000 0.060156
5 0.535156 0.558203 0.057813 0.078906
5 0.352344 0.587109 0.064062 0.064844
10 0.211719 0.628516 0.117188 0.160156
5 0.331250 0.648438 0.075000 0.100000
9 0.069531 0.662500 0.139063 0.325000
7 0.329688 0.726562 0.093750 0.131250
5 0.293750 0.847266 0.115625 0.166406
