8 0.337500 0.404687 0.031250 0.037500
5 0.372656 0.405078 0.029687 0.035156
7 0.411719 0.421484 0.029687 0.033594
5 0.357031 0.430859 0.026562 0.033594
5 0.406250 0.444922 0.031250 0.039844
10 0.271094 0.450391 0.048438 0.072656
10 0.328906 0.468750 0.045312 0.075000
5 0.393750 0.486328 0.040625 0.047656
8 0.223438 0.491797 0.062500 0.083594
8 0.267188 0.534766 0.081250 0.110156
10 0.169531 0.540625 0.089063 0.125000
5 0.537500 0.545312 0.056250 0.081250
8 0.746094 0.587891 0.095312 0.097656
5 0.353125 0.627734 0.065625 0.083594
8 0.704688 0.640625 0.103125 0.156250
10 0.158594 0.708203 0.132812 0.191406
5 0.305469 0.814063 0.114062 0.143750
