5 0.478906 0.387500 0.029687 0.031250
8 0.527344 0.391016 0.039062 0.053906
5 0.361719 0.430859 0.032813 0.046094
5 0.403906 0.435547 0.035937 0.046094
5 0.341406 0.470703 0.029687 0.066406
8 0.209375 0.484375 0.068750 0.068750
10 0.285938 0.493750 0.103125 0.143750
5 0.391406 0.496484 0.048438 0.071094
5 0.591406 0.527734 0.060937 0.096094
5 0.371875 0.550000 0.081250 0.081250
9 0.159375 0.653125 0.225000 0.306250
5 0.335938 0.659375 0.112500 0.143750
5 0.299219 0.754297 0.120313 0.171094
5 0.659375 0.804688 0.128125 0.212500
10 0.073438 0.864062 0.146875 0.271875
5 0.264844 0.906250 0.157812 0.187500
