8 0.283594 0.348828 0.042188 0.060156
2 0.546094 0.377734 0.064062 0.102344
5 0.368750 0.378125 0.034375 0.043750
5 0.599219 0.381250 0.039062 0.050000
8 0.628906 0.410938 0.048438 0.062500
5 0.490625 0.411328 0.037500 0.047656
5 0.585156 0.456250 0.051562 0.062500
5 0.669531 0.460547 0.060937 0.071094
5 0.524219 0.491797 0.054688 0.071094
8 0.744531 0.509375 0.095312 0.137500
8 0.060156 0.560547 0.120313 0.158594
5 0.682813 0.593750 0.100000 0.125000
5 0.550000 0.603125 0.081250 0.106250
5 0.279687 0.648828 0.103125 0.110156
5 0.653906 0.850000 0.170313 0.243750
