10 0.340625 0.378125 0.034375 0.050000
5 0.521094 0.399609 0.020313 0.033594
10 0.318750 0.403516 0.053125 0.078906
5 0.423438 0.405859 0.021875 0.027344
5 0.405469 0.409766 0.023438 0.028906
5 0.491406 0.410547 0.026562 0.033594
8 0.357031 0.418359 0.042188 0.058594
5 0.282031 0.423828 0.035937 0.035156
5 0.396875 0.428516 0.031250 0.035156
5 0.403906 0.444141 0.032813 0.028906
5 0.237500 0.458984 0.034375 0.039844
8 0.333594 0.462891 0.057813 0.085156
5 0.397656 0.469141 0.039062 0.047656
5 0.253906 0.480859 0.039062 0.052344
5 0.376563 0.509375 0.053125 0.062500
8 0.210156 0.520703 0.082812 0.103906
5 0.289062 0.521484 0.053125 0.071094
5 0.155469 0.524609 0.060937 0.071094
5 0.572656 0.617188 0.067187 0.100000
5 0.228906 0.642188 0.085938 0.100000
5 0.335156 0.647266 0.079687 0.103906
5 0.082031 0.699609 0.101562 0.114844
