5 0.473438 0.364063 0.028125 0.031250
3 0.541406 0.365234 0.054688 0.096094
5 0.375000 0.376563 0.040625 0.043750
9 0.656250 0.390625 0.087500 0.106250
5 0.481250 0.393750 0.037500 0.043750
5 0.490625 0.435937 0.050000 0.062500
3 0.585156 0.435547 0.082812 0.158594
5 0.352344 0.437500 0.048438 0.056250
5 0.258594 0.457422 0.060937 0.064844
5 0.510156 0.462109 0.060937 0.039844
5 0.717969 0.499609 0.035937 0.064844
9 0.672656 0.507422 0.132812 0.239844
5 0.519531 0.516016 0.060937 0.085156
5 0.760938 0.523828 0.065625 0.072656
5 0.532031 0.560937 0.064062 0.087500
5 0.815625 0.595703 0.087500 0.103906
5 0.570312 0.632422 0.093750 0.164844
5 0.950781 0.741797 0.098437 0.171094
5 0.829688 0.806641 0.156250 0.210156
5 0.618750 0.825391 0.134375 0.203906
