5 0.402344 0.306641 0.023438 0.028906
8 0.321094 0.328516 0.035937 0.053906
5 0.392969 0.332813 0.029687 0.031250
5 0.358594 0.335547 0.032813 0.046094
5 0.360938 0.368359 0.034375 0.046094
2 0.637500 0.374609 0.078125 0.102344
2 0.564063 0.384375 0.071875 0.112500
5 0.282813 0.431250 0.053125 0.093750
5 0.728906 0.441016 0.060937 0.060156
2 0.621875 0.466016 0.118750 0.160156
5 0.510938 0.481250 0.075000 0.087500
5 0.528125 0.548828 0.078125 0.110156
8 0.178125 0.587109 0.131250 0.196094
2 0.908594 0.619141 0.167187 0.222656
2 0.751563 0.637109 0.250000 0.377344
5 0.568750 0.656641 0.109375 0.147656
5 0.594531 0.799609 0.120313 0.183594
5 0.657813 0.910937 0.171875 0.178125
