8 0.353125 0.287500 0.034375 0.056250
5 0.403906 0.308984 0.020313 0.027344
1 0.609375 0.343750 0.053125 0.075000
8 0.527344 0.346875 0.032813 0.062500
8 0.609375 0.368359 0.050000 0.071094
5 0.482031 0.387109 0.032813 0.039844
2 0.575781 0.402734 0.079687 0.108594
1 0.498437 0.424609 0.043750 0.071094
5 0.515625 0.466016 0.056250 0.078906
5 0.329688 0.498047 0.065625 0.083594
5 0.540625 0.581641 0.071875 0.116406
5 0.912500 0.650391 0.112500 0.135156
2 0.803125 0.753125 0.193750 0.337500
5 0.631250 0.851953 0.143750 0.241406
