5 0.319531 0.426172 0.029687 0.039844
5 0.354687 0.432422 0.034375 0.039844
5 0.400781 0.440625 0.032813 0.037500
8 0.290625 0.449609 0.046875 0.052344
5 0.495312 0.451953 0.031250 0.041406
5 0.335938 0.464062 0.040625 0.043750
5 0.603125 0.465234 0.046875 0.046094
5 0.400781 0.478125 0.039062 0.037500
5 0.320312 0.495703 0.040625 0.041406
5 0.519531 0.497266 0.039062 0.060156
5 0.234375 0.499609 0.040625 0.046094
5 0.379688 0.516016 0.046875 0.047656
8 0.607812 0.519922 0.062500 0.089844
5 0.304688 0.531641 0.040625 0.066406
5 0.373437 0.562500 0.046875 0.056250
9 0.121875 0.562109 0.153125 0.171094
8 0.244531 0.568750 0.092188 0.125000
5 0.383594 0.612891 0.064062 0.085156
8 0.196094 0.641016 0.117188 0.160156
10 0.035156 0.684375 0.070312 0.187500
5 0.312500 0.691016 0.090625 0.103906
5 0.293750 0.809375 0.100000 0.125000
10 0.091406 0.828516 0.182812 0.341406
5 0.228125 0.941016 0.150000 0.116406
