6 0.275000 0.338672 0.059375 0.064844
5 0.389062 0.361328 0.028125 0.035156
2 0.209375 0.390234 0.071875 0.083594
6 0.280469 0.391016 0.082812 0.122656
5 0.567187 0.412500 0.037500 0.050000
5 0.596875 0.455859 0.050000 0.064844
6 0.193750 0.493750 0.146875 0.206250
5 0.520312 0.507812 0.056250 0.081250
8 0.076563 0.534375 0.103125 0.118750
10 0.771094 0.553125 0.107813 0.150000
5 0.657031 0.589063 0.076563 0.093750
5 0.317188 0.590625 0.078125 0.106250
5 0.568750 0.628125 0.084375 0.131250
10 0.778906 0.714453 0.167187 0.216406
