10 0.305469 0.412109 0.048438 0.077344
5 0.404687 0.432812 0.028125 0.043750
8 0.339844 0.440234 0.042188 0.058594
10 0.262500 0.456250 0.078125 0.118750
5 0.332031 0.468359 0.035937 0.046094
5 0.385156 0.472266 0.035937 0.047656
1 0.608594 0.503516 0.098437 0.153906
5 0.152344 0.528516 0.057813 0.072656
10 0.281250 0.539062 0.087500 0.131250
5 0.189062 0.551172 0.053125 0.064844
5 0.371875 0.565625 0.053125 0.062500
5 0.764062 0.592187 0.093750 0.100000
5 0.051562 0.691016 0.090625 0.141406
5 0.316406 0.699609 0.092188 0.121094
5 0.142187 0.750000 0.115625 0.156250
5 0.630469 0.825000 0.120313 0.206250
5 0.832031 0.862500 0.154688 0.231250
