10 0.517969 0.376563 0.035937 0.068750
5 0.416406 0.389062 0.020313 0.031250
10 0.375781 0.393750 0.029687 0.050000
5 0.577344 0.400000 0.023438 0.025000
5 0.487500 0.409766 0.025000 0.035156
5 0.403125 0.428516 0.028125 0.035156
5 0.503125 0.444141 0.034375 0.047656
11 0.342969 0.456250 0.035937 0.050000
10 0.239844 0.473438 0.076563 0.137500
10 0.273438 0.517578 0.093750 0.147656
10 0.701562 0.523047 0.081250 0.146094
5 0.364063 0.546484 0.053125 0.071094
10 0.064062 0.615234 0.128125 0.183594
5 0.555469 0.645312 0.070312 0.118750
4 0.803906 0.806641 0.129688 0.203906
10 0.050781 0.853125 0.095312 0.293750
