5 0.371875 0.336328 0.031250 0.035156
5 0.307812 0.385547 0.043750 0.071094
2 0.575000 0.400000 0.087500 0.125000
2 0.655469 0.400000 0.095312 0.125000
5 0.487500 0.427734 0.043750 0.071094
5 0.514062 0.438672 0.050000 0.039844
5 0.754687 0.475391 0.075000 0.085156
8 0.253906 0.481641 0.070312 0.116406
5 0.513281 0.492188 0.073438 0.075000
2 0.649219 0.498437 0.139063 0.162500
5 0.535156 0.562891 0.076563 0.116406
2 0.021094 0.656250 0.042188 0.275000
5 0.564844 0.667188 0.101562 0.125000
2 0.806250 0.681250 0.315625 0.462500
2 0.954688 0.714453 0.090625 0.303906
5 0.596875 0.806641 0.137500 0.210156
5 0.221094 0.878125 0.164062 0.206250
5 0.663281 0.917188 0.151562 0.165625
