8 0.313281 0.413672 0.032813 0.039844
10 0.596094 0.425000 0.054688 0.093750
8 0.350781 0.425391 0.039062 0.053906
10 0.278906 0.449609 0.045312 0.083594
10 0.326562 0.468359 0.050000 0.071094
5 0.392969 0.483984 0.042188 0.046094
9 0.164062 0.535937 0.128125 0.162500
5 0.376563 0.537891 0.056250 0.066406
9 0.639062 0.549609 0.115625 0.152344
8 0.758594 0.560937 0.089063 0.137500
5 0.291406 0.562891 0.054688 0.066406
5 0.335938 0.701953 0.100000 0.116406
5 0.590625 0.718359 0.090625 0.158594
5 0.929688 0.790625 0.140625 0.162500
12 0.100000 0.812500 0.200000 0.375000
5 0.250000 0.926562 0.146875 0.146875
