1 0.540625 0.416797 0.053125 0.083594
10 0.297656 0.418359 0.054688 0.083594
5 0.583594 0.429688 0.029687 0.037500
8 0.335156 0.446484 0.045312 0.071094
5 0.398438 0.465234 0.034375 0.046094
5 0.635156 0.466016 0.042188 0.060156
10 0.242188 0.470313 0.078125 0.118750
5 0.586719 0.495703 0.051562 0.066406
5 0.519531 0.498437 0.045312 0.062500
5 0.315625 0.500000 0.046875 0.056250
5 0.184375 0.502734 0.043750 0.052344
5 0.375781 0.503125 0.039062 0.056250
5 0.696094 0.528516 0.064062 0.078906
10 0.250000 0.573047 0.109375 0.158594
5 0.646875 0.610547 0.075000 0.108594
5 0.350781 0.626172 0.070312 0.089844
5 0.133594 0.625391 0.076563 0.085156
5 0.039844 0.637500 0.079687 0.100000
8 0.953125 0.813672 0.093750 0.227344
5 0.614062 0.818359 0.103125 0.158594
5 0.812500 0.832812 0.134375 0.193750
5 0.064062 0.887891 0.125000 0.222656
5 0.251563 0.900000 0.140625 0.200000
