3 0.541406 0.358984 0.057813 0.083594
5 0.489844 0.395703 0.035937 0.041406
9 0.648438 0.397266 0.084375 0.103906
11 0.560937 0.410547 0.040625 0.083594
5 0.498437 0.431641 0.040625 0.047656
10 0.603125 0.436328 0.075000 0.135156
5 0.717187 0.437500 0.046875 0.068750
5 0.513281 0.479297 0.054688 0.071094
10 0.658594 0.521875 0.095312 0.168750
12 0.834375 0.612891 0.225000 0.210156
5 0.033594 0.634766 0.067187 0.103906
5 0.582031 0.666016 0.092188 0.128906
5 0.253125 0.786328 0.118750 0.160156
5 0.834375 0.885938 0.178125 0.228125
