1 0.357812 0.409375 0.046875 0.068750
8 0.299219 0.428516 0.045312 0.066406
5 0.399219 0.440625 0.032813 0.043750
9 0.323437 0.453516 0.065625 0.085156
10 0.264062 0.454297 0.053125 0.083594
5 0.388281 0.492188 0.042188 0.050000
10 0.290625 0.518359 0.065625 0.096094
9 0.159375 0.528125 0.143750 0.187500
5 0.535937 0.531641 0.053125 0.078906
5 0.373437 0.531641 0.050000 0.060156
5 0.349219 0.587891 0.057813 0.066406
5 0.331250 0.646875 0.075000 0.100000
12 0.053125 0.696875 0.106250 0.243750
7 0.327344 0.718359 0.085938 0.127344
5 0.613281 0.753125 0.110937 0.162500
5 0.293750 0.837500 0.112500 0.150000
