5 0.392969 0.339062 0.039062 0.043750
8 0.335938 0.363672 0.043750 0.052344
2 0.268750 0.370312 0.093750 0.093750
5 0.383594 0.378125 0.042188 0.043750
5 0.368750 0.419141 0.043750 0.060156
8 0.272656 0.443359 0.107813 0.139844
2 0.621094 0.470703 0.123438 0.191406
5 0.525000 0.474609 0.059375 0.052344
2 0.777344 0.500000 0.160938 0.250000
5 0.527344 0.540234 0.085938 0.096094
8 0.156250 0.581250 0.118750 0.162500
5 0.917188 0.616797 0.106250 0.108594
5 0.549219 0.619922 0.101562 0.152344
2 0.747656 0.635547 0.226562 0.321094
5 0.593750 0.753125 0.140625 0.175000
2 0.904687 0.825000 0.190625 0.350000
5 0.656250 0.947266 0.159375 0.103906
