5 0.475781 0.375000 0.023438 0.031250
9 0.316406 0.409766 0.048438 0.060156
10 0.267188 0.427734 0.053125 0.058594
5 0.346875 0.450391 0.034375 0.053906
10 0.207031 0.468750 0.079687 0.056250
5 0.389844 0.471484 0.045312 0.052344
10 0.255469 0.534766 0.126562 0.172656
5 0.382031 0.548047 0.067187 0.096094
5 0.355469 0.591797 0.073438 0.083594
9 0.147656 0.659766 0.214062 0.316406
5 0.342187 0.662500 0.115625 0.125000
5 0.022656 0.731250 0.045312 0.093750
5 0.296094 0.748828 0.110937 0.160156
10 0.053125 0.879687 0.106250 0.240625
5 0.257031 0.910937 0.135937 0.178125
5 0.676562 0.933984 0.171875 0.108594
