5 0.512500 0.336328 0.025000 0.047656
5 0.392969 0.337109 0.026562 0.033594
2 0.250781 0.362500 0.073438 0.093750
5 0.382031 0.374609 0.035937 0.046094
8 0.293750 0.395313 0.043750 0.068750
2 0.665625 0.409766 0.071875 0.147656
2 0.592187 0.409766 0.075000 0.153906
5 0.733594 0.454688 0.054688 0.075000
5 0.347656 0.467187 0.073438 0.112500
1 0.526563 0.468359 0.118750 0.183594
8 0.254688 0.480078 0.103125 0.160156
5 0.141406 0.522266 0.101562 0.116406
5 0.778906 0.558203 0.092188 0.153906
5 0.859375 0.558203 0.100000 0.116406
5 0.281250 0.691797 0.125000 0.183594
8 0.091406 0.706250 0.182812 0.243750
8 0.951562 0.712109 0.096875 0.258594
