3 0.518750 0.333203 0.053125 0.078906
3 0.542188 0.368750 0.053125 0.093750
9 0.662500 0.387500 0.100000 0.112500
5 0.481250 0.393750 0.037500 0.043750
3 0.583594 0.427734 0.082812 0.146094
5 0.490625 0.435937 0.050000 0.062500
5 0.277344 0.438672 0.048438 0.052344
5 0.509375 0.453125 0.043750 0.037500
5 0.339062 0.481250 0.053125 0.062500
5 0.716406 0.490234 0.035937 0.064844
9 0.655469 0.500391 0.123438 0.228906
5 0.514844 0.506250 0.064062 0.087500
5 0.760938 0.525391 0.065625 0.072656
5 0.551562 0.573047 0.096875 0.121094
5 0.797656 0.578516 0.070312 0.097656
5 0.885156 0.644922 0.117188 0.152344
5 0.728906 0.668750 0.104688 0.150000
5 0.576562 0.709375 0.106250 0.150000
5 0.260156 0.743359 0.120313 0.164844
5 0.957031 0.765234 0.085938 0.139844
5 0.649219 0.921875 0.167187 0.156250
