9 0.505469 0.318750 0.032813 0.056250
5 0.390625 0.337500 0.028125 0.037500
12 0.280469 0.345313 0.057813 0.056250
5 0.474219 0.358984 0.032813 0.039844
8 0.537500 0.359375 0.043750 0.081250
5 0.375781 0.362109 0.029687 0.033594
3 0.314063 0.373047 0.065625 0.096094
8 0.596875 0.374609 0.050000 0.077344
11 0.232813 0.392188 0.053125 0.075000
11 0.360938 0.429297 0.053125 0.071094
5 0.662500 0.553125 0.075000 0.106250
5 0.565625 0.555078 0.071875 0.110156
5 0.189062 0.557813 0.078125 0.093750
5 0.307812 0.593750 0.068750 0.087500
