5 0.417969 0.341797 0.007812 0.021094
5 0.469531 0.350391 0.004687 0.016406
5 0.492969 0.353125 0.017188 0.031250
5 0.381250 0.357422 0.025000 0.052344
5 0.532031 0.365234 0.023438 0.039844
5 0.502344 0.371875 0.007812 0.018750
5 0.477344 0.374609 0.007812 0.027344
5 0.512500 0.387891 0.021875 0.022656
5 0.563281 0.398828 0.026562 0.047656
5 0.492969 0.408984 0.020313 0.027344
5 0.537500 0.412109 0.018750 0.033594
5 0.562500 0.450000 0.037500 0.056250
5 0.504687 0.457422 0.046875 0.064844
5 0.581250 0.480859 0.050000 0.077344
10 0.644531 0.521875 0.107813 0.168750
5 0.567969 0.641016 0.064062 0.135156
5 0.820312 0.828125 0.131250 0.212500
