8 0.282813 0.371484 0.068750 0.083594
5 0.570312 0.403125 0.040625 0.031250
5 0.572656 0.402734 0.042188 0.014844
2 0.640625 0.404297 0.065625 0.108594
5 0.567969 0.411328 0.023438 0.022656
5 0.500781 0.433203 0.045312 0.053906
2 0.689063 0.440625 0.093750 0.131250
2 0.349219 0.444141 0.067187 0.122656
5 0.593750 0.445703 0.043750 0.053906
5 0.507031 0.462500 0.051562 0.056250
8 0.260937 0.466016 0.056250 0.091406
8 0.627344 0.505859 0.076563 0.127344
8 0.516406 0.529687 0.070312 0.125000
8 0.800000 0.531250 0.096875 0.087500
2 0.669531 0.555859 0.104688 0.189844
5 0.542188 0.616016 0.081250 0.128906
8 0.735938 0.633984 0.062500 0.152344
5 0.582031 0.764453 0.114062 0.191406
5 0.633594 0.934375 0.145313 0.131250
