10 0.288281 0.430859 0.064062 0.096094
5 0.391406 0.442188 0.026562 0.037500
5 0.246875 0.446484 0.037500 0.039844
5 0.341406 0.459766 0.032813 0.041406
5 0.507812 0.462109 0.031250 0.052344
5 0.228125 0.480859 0.037500 0.046094
10 0.310156 0.491016 0.076563 0.110156
5 0.389062 0.494141 0.040625 0.047656
5 0.658594 0.499609 0.045312 0.052344
5 0.170313 0.521484 0.062500 0.052344
5 0.359375 0.562891 0.053125 0.078906
5 0.625781 0.562891 0.064062 0.085156
5 0.547656 0.578125 0.054688 0.087500
5 0.152344 0.577734 0.067187 0.083594
5 0.222656 0.621484 0.076563 0.096094
8 0.054688 0.693359 0.109375 0.189844
5 0.248438 0.716016 0.125000 0.122656
5 0.618750 0.825000 0.118750 0.218750
8 0.878906 0.856641 0.229687 0.285156
