2 0.283594 0.349609 0.045312 0.058594
5 0.379688 0.365625 0.034375 0.056250
2 0.321094 0.368359 0.051562 0.083594
8 0.607031 0.371484 0.054688 0.102344
8 0.644531 0.399609 0.073438 0.114844
8 0.250000 0.433984 0.078125 0.102344
5 0.588281 0.437109 0.042188 0.058594
5 0.352344 0.439453 0.070312 0.053906
5 0.738281 0.447266 0.057813 0.066406
8 0.204687 0.493359 0.096875 0.114844
8 0.510156 0.492578 0.064062 0.085156
2 0.833594 0.496875 0.132812 0.125000
8 0.612500 0.503125 0.059375 0.125000
8 0.672656 0.560937 0.110937 0.225000
5 0.524219 0.578516 0.076563 0.116406
5 0.560156 0.631641 0.098437 0.135156
8 0.739844 0.646875 0.057813 0.162500
2 0.857812 0.692578 0.218750 0.310156
5 0.259375 0.743359 0.118750 0.177344
5 0.576562 0.766797 0.100000 0.183594
2 0.930469 0.845313 0.139063 0.309375
5 0.737500 0.898828 0.178125 0.197656
