1 0.534375 0.359375 0.062500 0.087500
5 0.473438 0.364063 0.028125 0.031250
5 0.481250 0.393750 0.037500 0.043750
5 0.490625 0.435937 0.050000 0.062500
1 0.585156 0.435547 0.082812 0.158594
5 0.509375 0.453125 0.043750 0.037500
5 0.716406 0.490234 0.035937 0.064844
9 0.655469 0.500391 0.123438 0.228906
5 0.514844 0.506250 0.064062 0.087500
5 0.222656 0.509375 0.067187 0.081250
5 0.312500 0.512500 0.065625 0.075000
5 0.760938 0.525391 0.065625 0.072656
5 0.794531 0.555859 0.067187 0.058594
5 0.551562 0.573047 0.096875 0.121094
5 0.693750 0.615625 0.087500 0.137500
5 0.559375 0.656250 0.096875 0.118750
5 0.935937 0.712500 0.100000 0.156250
9 0.833594 0.745313 0.239063 0.368750
5 0.580469 0.755859 0.117188 0.171094
5 0.632031 0.868359 0.139063 0.208594
