2 0.358594 0.312500 0.045312 0.062500
2 0.316406 0.317578 0.035937 0.047656
5 0.331250 0.364453 0.031250 0.053906
2 0.599219 0.370312 0.073438 0.093750
5 0.553906 0.396875 0.035937 0.050000
2 0.667969 0.415625 0.073438 0.118750
5 0.494531 0.433984 0.048438 0.064844
5 0.571094 0.433984 0.054688 0.064844
2 0.600000 0.459766 0.065625 0.110156
5 0.503125 0.497266 0.053125 0.072656
2 0.820312 0.509375 0.209375 0.231250
1 0.207813 0.512109 0.159375 0.246094
2 0.635156 0.525391 0.092188 0.172656
5 0.528906 0.572266 0.060937 0.128906
8 0.735938 0.602734 0.081250 0.121094
5 0.539844 0.633984 0.079687 0.146094
5 0.271875 0.669141 0.131250 0.172656
2 0.829688 0.678516 0.221875 0.322656
5 0.665625 0.702734 0.106250 0.202344
2 0.909375 0.823438 0.181250 0.353125
5 0.583594 0.903516 0.142187 0.191406
