9 0.508594 0.321484 0.042188 0.064844
5 0.381250 0.343359 0.034375 0.039844
3 0.332813 0.353516 0.053125 0.078906
11 0.264062 0.366797 0.040625 0.071094
11 0.553125 0.377734 0.053125 0.102344
11 0.376563 0.384766 0.040625 0.053906
5 0.483594 0.387109 0.032813 0.046094
11 0.633594 0.415625 0.060937 0.100000
5 0.257031 0.465625 0.060937 0.068750
5 0.344531 0.477734 0.054688 0.064844
5 0.156250 0.662891 0.106250 0.122656
5 0.639062 0.752734 0.112500 0.183594
5 0.843750 0.811328 0.153125 0.210156
5 0.223438 0.884375 0.146875 0.193750
