11 0.601562 0.378125 0.034375 0.068750
5 0.377344 0.384375 0.035937 0.056250
5 0.493750 0.394141 0.037500 0.060156
5 0.314063 0.400391 0.037500 0.047656
5 0.359375 0.457813 0.043750 0.056250
2 0.141406 0.468359 0.157812 0.202344
5 0.603906 0.493750 0.060937 0.081250
5 0.257031 0.499609 0.060937 0.077344
10 0.685937 0.543359 0.112500 0.208594
5 0.327344 0.558984 0.073438 0.089844
11 0.825781 0.582812 0.101562 0.131250
4 0.545312 0.587109 0.078125 0.139844
10 0.771094 0.663672 0.129688 0.202344
2 0.078125 0.770312 0.156250 0.381250
5 0.618750 0.825000 0.115625 0.187500
5 0.213281 0.859766 0.154688 0.203906
