9 0.314063 0.423047 0.050000 0.071094
10 0.257031 0.442188 0.054688 0.075000
5 0.397656 0.448437 0.045312 0.037500
5 0.342969 0.455859 0.035937 0.046094
5 0.385937 0.481250 0.053125 0.062500
10 0.187500 0.503516 0.112500 0.116406
10 0.253125 0.544141 0.128125 0.178906
5 0.371875 0.550391 0.050000 0.072656
5 0.545312 0.559375 0.071875 0.100000
5 0.349219 0.599609 0.064062 0.089844
9 0.156250 0.644141 0.256250 0.328906
5 0.332813 0.662891 0.103125 0.110156
5 0.292187 0.758984 0.118750 0.158594
10 0.056250 0.875000 0.112500 0.250000
5 0.272656 0.912891 0.176563 0.166406
5 0.704688 0.969141 0.171875 0.060156
