5 0.369531 0.415625 0.029687 0.031250
8 0.309375 0.432422 0.034375 0.052344
5 0.402344 0.438672 0.032813 0.039844
5 0.565625 0.468359 0.040625 0.052344
8 0.257812 0.480078 0.046875 0.072656
5 0.316406 0.487109 0.042188 0.052344
7 0.389062 0.493359 0.040625 0.052344
5 0.277344 0.532422 0.039062 0.039844
5 0.373437 0.550391 0.050000 0.066406
10 0.146094 0.565234 0.098437 0.114844
5 0.280469 0.578125 0.060937 0.068750
5 0.339844 0.658203 0.079687 0.091406
5 0.573438 0.662891 0.081250 0.110156
8 0.045312 0.691016 0.090625 0.166406
10 0.136719 0.738672 0.167187 0.202344
