5 0.350781 0.346484 0.026562 0.039844
8 0.250000 0.379688 0.046875 0.087500
5 0.367188 0.409766 0.040625 0.053906
2 0.671875 0.440234 0.106250 0.152344
5 0.593750 0.443359 0.037500 0.052344
5 0.304688 0.447266 0.050000 0.053906
5 0.507812 0.464062 0.046875 0.056250
5 0.520312 0.489453 0.050000 0.053906
5 0.531250 0.530859 0.053125 0.077344
8 0.642188 0.534766 0.087500 0.147656
2 0.896094 0.609766 0.207813 0.378906
5 0.585156 0.615234 0.073438 0.114844
8 0.738281 0.627734 0.148438 0.283594
8 0.096875 0.654297 0.153125 0.246094
8 0.546875 0.662500 0.075000 0.175000
5 0.269531 0.709375 0.123438 0.162500
5 0.642188 0.929688 0.162500 0.140625
