10 0.348438 0.373437 0.034375 0.050000
10 0.332813 0.394141 0.053125 0.078906
5 0.302344 0.403516 0.026562 0.035156
5 0.423438 0.405859 0.021875 0.027344
5 0.405469 0.409766 0.023438 0.028906
8 0.363281 0.415234 0.042188 0.058594
8 0.553906 0.414453 0.048438 0.078906
5 0.396875 0.428516 0.031250 0.035156
5 0.397656 0.441016 0.032813 0.028906
5 0.257812 0.443359 0.034375 0.039844
5 0.289844 0.446484 0.039062 0.052344
10 0.336719 0.455078 0.057813 0.085156
5 0.402344 0.459766 0.039062 0.047656
5 0.225781 0.460547 0.042188 0.058594
5 0.389062 0.472266 0.050000 0.060156
8 0.253125 0.474609 0.084375 0.096094
5 0.586719 0.483984 0.051562 0.064844
5 0.307812 0.499609 0.053125 0.071094
5 0.583594 0.523828 0.054688 0.085156
5 0.359375 0.547266 0.071875 0.091406
5 0.177344 0.568359 0.085938 0.102344
5 0.560937 0.581250 0.065625 0.093750
5 0.260937 0.582812 0.081250 0.093750
5 0.121875 0.808203 0.162500 0.216406
5 0.191406 0.964453 0.189062 0.066406
