10 0.356250 0.406250 0.050000 0.075000
5 0.497656 0.433203 0.032813 0.041406
5 0.400781 0.443750 0.029687 0.031250
9 0.624219 0.446484 0.064062 0.083594
9 0.314063 0.463672 0.081250 0.127344
5 0.388281 0.490625 0.042188 0.056250
8 0.207031 0.522266 0.082812 0.091406
5 0.373437 0.525000 0.053125 0.062500
5 0.536719 0.524609 0.051562 0.071094
10 0.239844 0.559766 0.107813 0.135156
8 0.116406 0.603125 0.104688 0.118750
5 0.339844 0.650391 0.076563 0.097656
5 0.299219 0.840234 0.123438 0.158594
5 0.888281 0.891016 0.182812 0.216406
