9 0.345313 0.421875 0.062500 0.087500
5 0.496094 0.422266 0.026562 0.035156
5 0.400781 0.439063 0.029687 0.031250
10 0.617969 0.455859 0.048438 0.064844
5 0.396094 0.461328 0.035937 0.035156
8 0.271094 0.463672 0.054688 0.077344
10 0.311719 0.473047 0.064062 0.083594
5 0.387500 0.478516 0.034375 0.047656
8 0.223438 0.500000 0.062500 0.068750
5 0.378906 0.526953 0.042188 0.053906
5 0.531250 0.526953 0.062500 0.078906
8 0.159375 0.559766 0.100000 0.110156
5 0.360156 0.591016 0.064062 0.078906
1 0.215625 0.609766 0.165625 0.216406
10 0.050781 0.678516 0.101562 0.197656
5 0.314844 0.707812 0.085938 0.106250
5 0.251563 0.904687 0.146875 0.190625
