2 0.328906 0.356641 0.045312 0.078906
5 0.385156 0.358984 0.032813 0.033594
5 0.374219 0.394922 0.032813 0.039844
5 0.560937 0.397266 0.037500 0.053906
5 0.295312 0.418359 0.040625 0.052344
5 0.646094 0.422266 0.042188 0.053906
8 0.212500 0.426172 0.062500 0.077344
5 0.503906 0.444141 0.048438 0.066406
11 0.602344 0.451562 0.048438 0.081250
8 0.148438 0.455078 0.075000 0.110156
5 0.351562 0.469141 0.053125 0.060156
5 0.515625 0.504297 0.056250 0.083594
8 0.235156 0.517188 0.067187 0.087500
8 0.778125 0.533984 0.071875 0.127344
5 0.324219 0.548047 0.067187 0.083594
8 0.144531 0.578125 0.126562 0.168750
12 0.722656 0.600391 0.201563 0.341406
11 0.909375 0.656250 0.150000 0.218750
3 0.604688 0.675391 0.196875 0.385156
5 0.230469 0.847266 0.123438 0.160156
