8 0.343750 0.293359 0.028125 0.046094
5 0.407813 0.295312 0.021875 0.031250
5 0.375000 0.304688 0.031250 0.050000
2 0.580469 0.309766 0.057813 0.066406
5 0.395313 0.331641 0.031250 0.041406
6 0.521875 0.347266 0.053125 0.066406
5 0.479687 0.362500 0.034375 0.031250
5 0.481250 0.379688 0.034375 0.037500
5 0.486719 0.410547 0.042188 0.058594
2 0.592969 0.418359 0.104688 0.183594
5 0.660156 0.440234 0.048438 0.071094
1 0.738281 0.476172 0.142187 0.189844
5 0.510938 0.499609 0.059375 0.083594
5 0.317188 0.503516 0.078125 0.091406
8 0.058594 0.539453 0.117188 0.153906
5 0.563281 0.637891 0.098437 0.135156
6 0.907813 0.659375 0.184375 0.237500
5 0.133594 0.666016 0.120313 0.160156
5 0.653906 0.900000 0.176563 0.200000
