8 0.307812 0.404297 0.043750 0.058594
5 0.354687 0.412891 0.043750 0.047656
3 0.666406 0.416016 0.098437 0.141406
5 0.492969 0.427734 0.042188 0.052344
10 0.601562 0.465625 0.065625 0.118750
5 0.349219 0.470313 0.054688 0.068750
5 0.522656 0.476172 0.054688 0.077344
11 0.817187 0.581250 0.106250 0.162500
5 0.685156 0.599609 0.085938 0.114844
5 0.119531 0.738672 0.126562 0.139844
5 0.247656 0.750000 0.114062 0.137500
5 0.953125 0.771484 0.093750 0.196094
5 0.604688 0.776953 0.128125 0.191406
5 0.850000 0.901563 0.178125 0.196875
