5 0.401562 0.312500 0.028125 0.037500
5 0.362500 0.319141 0.031250 0.028906
8 0.309375 0.328125 0.056250 0.087500
5 0.387500 0.342187 0.040625 0.050000
2 0.540625 0.363672 0.065625 0.102344
5 0.361719 0.420703 0.054688 0.078906
5 0.646875 0.423438 0.046875 0.062500
8 0.585938 0.442188 0.084375 0.125000
5 0.689844 0.456250 0.057813 0.081250
5 0.523438 0.505078 0.068750 0.085156
5 0.633594 0.526563 0.073438 0.106250
5 0.799219 0.537109 0.073438 0.096094
5 0.541406 0.580859 0.085938 0.127344
2 0.904687 0.670703 0.190625 0.353906
5 0.260937 0.712109 0.140625 0.196094
5 0.575781 0.737891 0.120313 0.197656
5 0.859375 0.878516 0.200000 0.241406
5 0.363281 0.884375 0.001563 0.012500
