5 0.369531 0.321875 0.023438 0.037500
5 0.570312 0.346484 0.034375 0.039844
5 0.337500 0.359375 0.031250 0.037500
5 0.580469 0.363672 0.029687 0.027344
5 0.524219 0.365234 0.029687 0.039844
5 0.385937 0.368359 0.031250 0.033594
5 0.610156 0.369141 0.032813 0.047656
5 0.485938 0.390625 0.037500 0.043750
5 0.551562 0.391016 0.034375 0.047656
5 0.329688 0.411328 0.040625 0.047656
2 0.684375 0.418359 0.109375 0.177344
2 0.594531 0.440625 0.076563 0.112500
5 0.507031 0.440234 0.051562 0.064844
5 0.522656 0.525000 0.064062 0.093750
5 0.826562 0.619922 0.103125 0.102344
5 0.563281 0.656641 0.085938 0.128906
5 0.722656 0.662500 0.095312 0.112500
