5 0.331250 0.385547 0.031250 0.033594
5 0.555469 0.396484 0.029687 0.039844
5 0.372656 0.412109 0.029687 0.039844
5 0.528906 0.418359 0.029687 0.046094
5 0.410938 0.424609 0.028125 0.033594
5 0.496875 0.436328 0.037500 0.047656
5 0.400781 0.437891 0.032813 0.041406
5 0.353125 0.446875 0.025000 0.050000
8 0.331250 0.462500 0.059375 0.087500
10 0.239063 0.469141 0.087500 0.116406
5 0.404687 0.471875 0.046875 0.062500
5 0.618750 0.497266 0.046875 0.053906
5 0.525000 0.506250 0.046875 0.062500
8 0.285938 0.523047 0.081250 0.121094
5 0.357812 0.550000 0.071875 0.087500
10 0.128906 0.572266 0.170313 0.203906
5 0.349219 0.615625 0.076563 0.093750
5 0.023438 0.655859 0.046875 0.058594
5 0.732812 0.693359 0.109375 0.171094
5 0.861719 0.730859 0.123438 0.127344
5 0.032813 0.742578 0.065625 0.122656
10 0.112500 0.776563 0.225000 0.306250
5 0.278906 0.812109 0.110937 0.139844
