9 0.357031 0.415234 0.051562 0.083594
12 0.305469 0.418359 0.060937 0.083594
5 0.398438 0.454688 0.034375 0.037500
5 0.219531 0.475391 0.026562 0.035156
5 0.335938 0.477734 0.040625 0.039844
8 0.253906 0.483984 0.054688 0.077344
8 0.642969 0.485547 0.057813 0.083594
5 0.387500 0.490234 0.040625 0.046094
7 0.371875 0.560937 0.056250 0.075000
8 0.180469 0.562500 0.079687 0.100000
5 0.246094 0.608203 0.070312 0.078906
5 0.343750 0.660937 0.075000 0.100000
5 0.569531 0.670312 0.079687 0.106250
5 0.131250 0.775000 0.106250 0.118750
5 0.262500 0.906641 0.131250 0.172656
