5 0.401562 0.304688 0.021875 0.025000
8 0.332813 0.304688 0.031250 0.050000
2 0.572656 0.309766 0.057813 0.066406
5 0.365625 0.316016 0.034375 0.041406
6 0.515625 0.339453 0.053125 0.066406
5 0.475000 0.343750 0.034375 0.031250
5 0.380469 0.362891 0.039062 0.047656
5 0.473438 0.368750 0.034375 0.037500
5 0.482812 0.400000 0.040625 0.056250
2 0.578125 0.400000 0.093750 0.162500
5 0.630469 0.424609 0.048438 0.071094
1 0.705469 0.450000 0.110937 0.181250
5 0.503125 0.468750 0.050000 0.068750
5 0.537500 0.562109 0.081250 0.108594
6 0.860156 0.603125 0.201563 0.218750
5 0.236719 0.735938 0.135937 0.150000
5 0.600781 0.752734 0.123438 0.189844
5 0.854688 0.830078 0.165625 0.197656
