8 0.317188 0.348828 0.040625 0.060156
2 0.552344 0.378125 0.039062 0.056250
2 0.371875 0.384375 0.050000 0.093750
2 0.650000 0.400000 0.059375 0.106250
5 0.492188 0.406641 0.040625 0.035156
8 0.290625 0.412500 0.043750 0.062500
5 0.570312 0.430078 0.034375 0.060156
5 0.501563 0.434766 0.062500 0.041406
5 0.598437 0.449609 0.059375 0.064844
2 0.708594 0.451562 0.101562 0.143750
5 0.510156 0.471875 0.051562 0.043750
8 0.619531 0.512109 0.073438 0.133594
8 0.517969 0.532813 0.067187 0.106250
2 0.675000 0.557813 0.128125 0.218750
8 0.741406 0.643750 0.079687 0.168750
5 0.545312 0.645312 0.093750 0.156250
2 0.857031 0.700391 0.217188 0.341406
5 0.598437 0.791016 0.118750 0.197656
5 0.642969 0.947266 0.164062 0.103906
