8 0.356250 0.318750 0.043750 0.075000
8 0.396875 0.326953 0.040625 0.066406
5 0.385156 0.353516 0.039062 0.053906
5 0.366406 0.403516 0.045312 0.066406
2 0.716406 0.424609 0.154688 0.146094
8 0.610156 0.437500 0.064062 0.131250
8 0.236719 0.456641 0.120313 0.185156
5 0.552344 0.462891 0.070312 0.091406
5 0.503125 0.489063 0.062500 0.081250
5 0.655469 0.528516 0.054688 0.128906
5 0.522656 0.556250 0.079687 0.112500
2 0.736719 0.584375 0.157812 0.256250
5 0.564844 0.659766 0.110937 0.153906
2 0.860156 0.765625 0.279687 0.468750
5 0.600781 0.796875 0.151562 0.231250
