5 0.372656 0.405078 0.029687 0.035156
8 0.331250 0.406250 0.031250 0.037500
7 0.411719 0.421484 0.029687 0.033594
5 0.357031 0.440234 0.026562 0.033594
5 0.403125 0.452734 0.031250 0.039844
10 0.259375 0.462109 0.050000 0.083594
10 0.315625 0.483984 0.059375 0.077344
5 0.514062 0.487891 0.037500 0.053906
5 0.391406 0.494141 0.039062 0.041406
8 0.210938 0.500391 0.065625 0.085156
8 0.676562 0.512109 0.068750 0.077344
10 0.156250 0.560937 0.090625 0.137500
8 0.256250 0.560547 0.084375 0.121094
8 0.646094 0.565625 0.082812 0.112500
5 0.342969 0.658203 0.073438 0.091406
8 0.122656 0.773047 0.176563 0.233594
5 0.293750 0.870313 0.134375 0.168750
5 0.665625 0.882422 0.134375 0.214844
