8 0.335156 0.328516 0.042188 0.053906
5 0.392188 0.340234 0.028125 0.033594
2 0.268750 0.352734 0.062500 0.089844
8 0.605469 0.365625 0.051562 0.087500
2 0.313281 0.383203 0.073438 0.091406
5 0.368750 0.391016 0.034375 0.053906
8 0.637500 0.400000 0.071875 0.112500
5 0.700781 0.418750 0.067187 0.062500
5 0.590625 0.437891 0.056250 0.060156
8 0.697656 0.483984 0.073438 0.083594
8 0.507031 0.500391 0.064062 0.103906
8 0.621094 0.509375 0.073438 0.137500
8 0.194531 0.510547 0.114062 0.158594
5 0.333594 0.509766 0.092188 0.116406
2 0.804688 0.520703 0.118750 0.141406
8 0.675781 0.552734 0.120313 0.202344
5 0.512500 0.575391 0.078125 0.110156
8 0.094531 0.616797 0.142187 0.196094
5 0.558594 0.624609 0.082812 0.108594
8 0.740625 0.628125 0.071875 0.137500
2 0.849219 0.703516 0.217188 0.328906
5 0.586719 0.740234 0.126562 0.177344
5 0.929688 0.837500 0.140625 0.325000
5 0.741406 0.890625 0.157812 0.218750
