5 0.389062 0.350391 0.040625 0.041406
6 0.324219 0.359375 0.054688 0.093750
5 0.380469 0.382422 0.048438 0.052344
5 0.348438 0.419141 0.059375 0.066406
5 0.642969 0.419141 0.039062 0.072656
2 0.702344 0.444141 0.135937 0.160156
5 0.610938 0.468750 0.075000 0.087500
5 0.517188 0.512109 0.075000 0.096094
5 0.328125 0.512891 0.093750 0.122656
8 0.764062 0.553125 0.090625 0.106250
5 0.853125 0.553516 0.100000 0.091406
5 0.540625 0.568750 0.084375 0.106250
5 0.682813 0.594141 0.087500 0.135156
2 0.949219 0.640234 0.101562 0.308594
5 0.857812 0.643750 0.096875 0.125000
5 0.147656 0.666797 0.148438 0.183594
6 0.775000 0.721484 0.165625 0.252344
5 0.621875 0.728125 0.115625 0.193750
5 0.242188 0.787500 0.146875 0.231250
8 0.582812 0.856250 0.171875 0.287500
6 0.911719 0.867188 0.176563 0.265625
