5 0.567187 0.424609 0.031250 0.052344
5 0.360156 0.441016 0.057813 0.078906
5 0.662500 0.441016 0.034375 0.053906
10 0.614844 0.450000 0.076563 0.137500
5 0.273438 0.460547 0.056250 0.058594
4 0.507812 0.465234 0.053125 0.089844
11 0.732812 0.489063 0.075000 0.093750
10 0.658594 0.518359 0.079687 0.133594
5 0.539062 0.574609 0.065625 0.102344
2 0.070312 0.573828 0.140625 0.310156
5 0.328906 0.591797 0.076563 0.096094
9 0.898438 0.599609 0.196875 0.321094
5 0.175781 0.625000 0.092188 0.100000
5 0.592187 0.759766 0.118750 0.197656
5 0.245312 0.815234 0.128125 0.164844
