5 0.372656 0.375391 0.029687 0.035156
8 0.554688 0.386328 0.046875 0.072656
5 0.494531 0.398047 0.035937 0.033594
5 0.610156 0.403125 0.048438 0.043750
5 0.489844 0.416016 0.032813 0.041406
5 0.572656 0.422266 0.039062 0.047656
5 0.660156 0.423828 0.035937 0.047656
5 0.498437 0.429297 0.037500 0.033594
5 0.351562 0.440234 0.050000 0.058594
5 0.503906 0.466797 0.045312 0.071094
6 0.721875 0.468359 0.125000 0.152344
5 0.805469 0.489063 0.045312 0.068750
5 0.256250 0.490625 0.065625 0.075000
5 0.622656 0.503516 0.070312 0.078906
5 0.521094 0.523438 0.057813 0.087500
5 0.317188 0.546484 0.062500 0.089844
6 0.043750 0.569141 0.084375 0.216406
5 0.788281 0.569141 0.089063 0.110156
5 0.551562 0.581250 0.075000 0.093750
5 0.182812 0.624609 0.090625 0.108594
5 0.975781 0.681641 0.048438 0.110156
5 0.752344 0.687500 0.114062 0.137500
5 0.892188 0.689453 0.109375 0.128906
5 0.639844 0.784766 0.123438 0.185156
8 0.856250 0.840625 0.193750 0.318750
8 0.629687 0.922266 0.165625 0.153906
