5 0.585156 0.362500 0.039062 0.050000
5 0.536719 0.380859 0.029687 0.039844
5 0.604688 0.395703 0.034375 0.041406
5 0.485938 0.397266 0.034375 0.041406
8 0.646094 0.403516 0.051562 0.066406
5 0.567187 0.426172 0.037500 0.052344
5 0.496875 0.437891 0.037500 0.053906
2 0.745313 0.475391 0.146875 0.228906
6 0.127344 0.480859 0.092188 0.114844
5 0.524219 0.503125 0.060937 0.087500
2 0.641406 0.518359 0.120313 0.171094
5 0.564844 0.638672 0.089063 0.127344
5 0.937500 0.746875 0.125000 0.131250
5 0.622656 0.853516 0.132812 0.222656
5 0.913281 0.945312 0.173437 0.109375
