9 0.506250 0.368359 0.025000 0.046094
10 0.350000 0.373828 0.031250 0.047656
8 0.366406 0.406250 0.029687 0.043750
5 0.400000 0.407813 0.025000 0.018750
5 0.486719 0.406641 0.020313 0.022656
8 0.321094 0.414062 0.032813 0.043750
5 0.398438 0.428516 0.028125 0.028906
5 0.308594 0.430859 0.026562 0.033594
10 0.349219 0.435937 0.035937 0.062500
5 0.251563 0.449609 0.034375 0.033594
5 0.403125 0.449609 0.031250 0.033594
5 0.329688 0.468359 0.037500 0.052344
5 0.392188 0.469141 0.034375 0.041406
5 0.271875 0.478516 0.034375 0.041406
5 0.378125 0.494922 0.037500 0.052344
5 0.299219 0.518750 0.048438 0.056250
9 0.175781 0.520703 0.120313 0.141406
5 0.368750 0.534766 0.053125 0.072656
5 0.259375 0.594922 0.062500 0.077344
9 0.068750 0.665625 0.137500 0.237500
5 0.335156 0.698047 0.082812 0.108594
5 0.160156 0.759375 0.107813 0.143750
5 0.231250 0.931250 0.137500 0.137500
5 0.921094 0.941016 0.157812 0.116406
