5 0.493750 0.362500 0.025000 0.025000
5 0.481250 0.386328 0.028125 0.035156
9 0.317188 0.409766 0.043750 0.060156
10 0.271875 0.432812 0.053125 0.068750
5 0.353125 0.445703 0.037500 0.041406
5 0.389062 0.462891 0.031250 0.047656
10 0.223438 0.469141 0.103125 0.078906
10 0.264062 0.523438 0.118750 0.150000
5 0.385156 0.542578 0.051562 0.085156
5 0.351562 0.587891 0.050000 0.066406
9 0.150781 0.651172 0.195312 0.289844
5 0.326562 0.662109 0.078125 0.108594
5 0.025000 0.718359 0.050000 0.108594
5 0.289844 0.762500 0.114062 0.137500
10 0.048438 0.875000 0.096875 0.250000
5 0.269531 0.917188 0.148438 0.165625
