8 0.320312 0.362891 0.037500 0.066406
5 0.376563 0.398047 0.040625 0.046094
8 0.666406 0.416016 0.076563 0.103906
5 0.589063 0.441016 0.046875 0.066406
5 0.504687 0.453125 0.040625 0.050000
8 0.513281 0.500391 0.067187 0.091406
8 0.617969 0.507422 0.054688 0.127344
8 0.764844 0.518359 0.070312 0.108594
8 0.680469 0.566016 0.114062 0.185156
5 0.513281 0.568359 0.073438 0.108594
2 0.890625 0.575391 0.159375 0.172656
8 0.729688 0.637500 0.050000 0.162500
5 0.557813 0.655859 0.090625 0.152344
2 0.858594 0.716016 0.207813 0.353906
2 0.927344 0.844141 0.145313 0.310156
5 0.621094 0.895312 0.160938 0.209375
