2 0.364844 0.306641 0.039062 0.053906
2 0.328125 0.312500 0.025000 0.037500
5 0.346094 0.350000 0.026562 0.037500
5 0.568750 0.447266 0.037500 0.072656
8 0.496094 0.451953 0.048438 0.078906
1 0.247656 0.460938 0.135937 0.187500
2 0.600781 0.476953 0.054688 0.116406
5 0.501563 0.510547 0.056250 0.083594
2 0.642969 0.513672 0.089063 0.164844
2 0.835156 0.526953 0.217188 0.241406
5 0.529687 0.556250 0.078125 0.100000
5 0.307812 0.564453 0.087500 0.116406
2 0.735938 0.628516 0.075000 0.147656
5 0.542969 0.654687 0.082812 0.150000
2 0.841406 0.685937 0.207813 0.325000
5 0.675781 0.743359 0.104688 0.214844
2 0.911719 0.822266 0.176563 0.353906
5 0.581250 0.914062 0.131250 0.171875
5 0.181250 0.937500 0.168750 0.125000
