9 0.514844 0.326172 0.042188 0.064844
5 0.384375 0.340234 0.034375 0.039844
1 0.332813 0.353516 0.053125 0.078906
11 0.264062 0.366797 0.040625 0.071094
11 0.552344 0.381250 0.051562 0.093750
8 0.376563 0.384766 0.040625 0.053906
5 0.483594 0.387109 0.032813 0.046094
11 0.633594 0.418750 0.060937 0.100000
5 0.257031 0.465625 0.060937 0.068750
5 0.347656 0.474609 0.048438 0.052344
5 0.168750 0.647266 0.106250 0.122656
5 0.647656 0.781641 0.126562 0.191406
5 0.228125 0.840625 0.146875 0.193750
5 0.868750 0.844141 0.153125 0.210156
