2 0.616406 0.365625 0.048438 0.093750
8 0.546875 0.375000 0.053125 0.075000
5 0.225000 0.418750 0.050000 0.043750
5 0.569531 0.421484 0.048438 0.052344
8 0.676562 0.422266 0.075000 0.103906
5 0.596875 0.442578 0.053125 0.047656
5 0.343750 0.453125 0.053125 0.087500
5 0.510938 0.475391 0.059375 0.060156
8 0.746094 0.478516 0.101562 0.135156
8 0.617188 0.498437 0.071875 0.112500
5 0.528906 0.500391 0.045312 0.047656
5 0.222656 0.537109 0.082812 0.096094
8 0.663281 0.546484 0.104688 0.183594
5 0.334375 0.553125 0.071875 0.087500
8 0.526563 0.587109 0.068750 0.139844
8 0.533594 0.587109 0.073438 0.127344
8 0.722656 0.632422 0.048438 0.139844
5 0.547656 0.678125 0.004687 0.006250
5 0.576562 0.706250 0.100000 0.125000
2 0.855469 0.726953 0.232813 0.366406
5 0.609375 0.834766 0.115625 0.147656
5 0.933594 0.848437 0.132812 0.303125
5 0.647656 0.948438 0.139063 0.103125
