1 0.296094 0.395703 0.076563 0.141406
1 0.342187 0.450391 0.059375 0.103906
5 0.503125 0.450391 0.059375 0.066406
2 0.615625 0.494141 0.078125 0.128906
2 0.662500 0.528125 0.109375 0.181250
5 0.512500 0.529687 0.059375 0.100000
2 0.853125 0.537109 0.193750 0.221094
5 0.535156 0.587109 0.079687 0.114844
5 0.300781 0.602734 0.107813 0.146094
5 0.746094 0.619922 0.085938 0.139844
5 0.555469 0.654687 0.089063 0.150000
2 0.851562 0.712500 0.209375 0.343750
5 0.696875 0.799609 0.137500 0.233594
2 0.914062 0.823438 0.171875 0.353125
2 0.059375 0.828516 0.118750 0.341406
5 0.587500 0.910937 0.115625 0.175000
