5 0.360156 0.381641 0.032813 0.041406
5 0.545312 0.383984 0.031250 0.033594
5 0.517969 0.388672 0.026562 0.027344
5 0.375781 0.410938 0.029687 0.025000
8 0.570312 0.412109 0.034375 0.046094
5 0.489063 0.415625 0.031250 0.043750
5 0.365625 0.425391 0.025000 0.041406
5 0.401562 0.425000 0.031250 0.037500
5 0.538281 0.429297 0.029687 0.046094
5 0.411719 0.441016 0.032813 0.041406
5 0.334375 0.444922 0.050000 0.064844
10 0.256250 0.456250 0.068750 0.118750
5 0.572656 0.464453 0.051562 0.066406
5 0.516406 0.480859 0.070312 0.071094
8 0.317969 0.484375 0.067187 0.087500
5 0.378125 0.494141 0.059375 0.053906
5 0.666406 0.509766 0.057813 0.078906
10 0.178125 0.523438 0.128125 0.162500
5 0.371875 0.549609 0.065625 0.077344
5 0.625000 0.556641 0.062500 0.097656
5 0.082812 0.581250 0.090625 0.100000
5 0.325781 0.644141 0.082812 0.128906
5 0.110156 0.646484 0.089063 0.096094
5 0.584375 0.687891 0.106250 0.166406
10 0.177344 0.700000 0.198437 0.262500
5 0.055469 0.929688 0.110937 0.140625
