9 0.325781 0.396484 0.048438 0.058594
9 0.298438 0.417578 0.068750 0.072656
5 0.407813 0.422266 0.025000 0.041406
5 0.358594 0.434766 0.035937 0.041406
5 0.498437 0.435547 0.053125 0.096094
5 0.338281 0.459375 0.029687 0.062500
5 0.388281 0.499609 0.048438 0.108594
10 0.161719 0.520703 0.120313 0.116406
10 0.251563 0.537109 0.134375 0.171094
5 0.528125 0.537891 0.071875 0.103906
5 0.375781 0.553125 0.079687 0.068750
5 0.345313 0.596875 0.071875 0.093750
5 0.327344 0.658984 0.079687 0.127344
9 0.142187 0.685547 0.246875 0.346094
5 0.287500 0.746875 0.128125 0.137500
5 0.254688 0.912500 0.137500 0.175000
