5 0.373437 0.303516 0.031250 0.028906
8 0.320312 0.309766 0.046875 0.066406
5 0.398438 0.321875 0.040625 0.050000
5 0.386719 0.347266 0.051562 0.066406
2 0.542969 0.373437 0.082812 0.112500
5 0.677344 0.440625 0.051562 0.075000
5 0.357031 0.448047 0.060937 0.071094
5 0.503125 0.469922 0.050000 0.077344
8 0.615625 0.475000 0.090625 0.143750
5 0.734375 0.499609 0.075000 0.102344
5 0.537500 0.551562 0.071875 0.106250
5 0.682813 0.593750 0.115625 0.150000
5 0.912500 0.613672 0.090625 0.127344
5 0.572656 0.659766 0.114062 0.166406
2 0.925000 0.720703 0.150000 0.303906
5 0.631250 0.895312 0.162500 0.209375
