9 0.621094 0.373437 0.057813 0.087500
3 0.567969 0.384375 0.064062 0.100000
5 0.235156 0.412109 0.042188 0.052344
5 0.369531 0.412891 0.048438 0.060156
5 0.506250 0.447266 0.050000 0.053906
9 0.703906 0.453125 0.107813 0.150000
11 0.602344 0.468359 0.051562 0.108594
5 0.520312 0.512500 0.059375 0.075000
5 0.812500 0.515234 0.068750 0.077344
10 0.675781 0.537500 0.117188 0.206250
5 0.954688 0.634766 0.090625 0.128906
5 0.568750 0.642578 0.087500 0.135156
5 0.276562 0.662109 0.096875 0.121094
10 0.808594 0.731250 0.189062 0.325000
