5 0.395313 0.312891 0.028125 0.035156
2 0.580469 0.323437 0.057813 0.075000
5 0.480469 0.358984 0.029687 0.033594
8 0.300000 0.362500 0.056250 0.075000
2 0.596094 0.366797 0.048438 0.083594
8 0.550000 0.379688 0.059375 0.075000
5 0.482031 0.387891 0.035937 0.028906
8 0.638281 0.400391 0.054688 0.091406
8 0.350781 0.410547 0.064062 0.133594
5 0.567187 0.422266 0.043750 0.047656
5 0.500781 0.427734 0.051562 0.039844
8 0.277344 0.427734 0.060937 0.089844
8 0.699219 0.443750 0.092188 0.150000
5 0.591406 0.445312 0.060937 0.068750
5 0.510156 0.465234 0.054688 0.027344
8 0.617969 0.508984 0.067187 0.139844
8 0.513281 0.516797 0.076563 0.096094
8 0.670312 0.535547 0.106250 0.183594
5 0.542969 0.612891 0.092188 0.116406
8 0.947656 0.619922 0.104688 0.152344
8 0.728906 0.632812 0.057813 0.143750
8 0.842187 0.697266 0.203125 0.322656
5 0.588281 0.762500 0.139063 0.175000
8 0.922656 0.845313 0.148438 0.309375
5 0.636719 0.942187 0.154688 0.115625
