5 0.378906 0.371484 0.032813 0.039844
5 0.616406 0.377734 0.039062 0.039844
5 0.321875 0.387500 0.040625 0.043750
8 0.554688 0.386328 0.046875 0.072656
5 0.494531 0.398047 0.035937 0.033594
5 0.489844 0.416016 0.032813 0.041406
5 0.639844 0.417187 0.060937 0.050000
5 0.572656 0.422266 0.039062 0.047656
5 0.498437 0.429297 0.037500 0.033594
5 0.355469 0.431250 0.039062 0.056250
5 0.289844 0.431641 0.045312 0.047656
6 0.163281 0.437891 0.095312 0.128906
5 0.507031 0.466797 0.045312 0.071094
6 0.760156 0.495703 0.142187 0.166406
5 0.239844 0.504687 0.064062 0.062500
5 0.525781 0.543359 0.067187 0.096094
5 0.653906 0.553125 0.079687 0.112500
8 0.848437 0.630078 0.106250 0.135156
5 0.962500 0.640625 0.075000 0.131250
5 0.573438 0.651563 0.096875 0.118750
5 0.954688 0.779297 0.090625 0.146094
5 0.837500 0.824609 0.156250 0.202344
5 0.691406 0.903125 0.154688 0.193750
