5 0.319531 0.425391 0.026562 0.035156
5 0.353125 0.432422 0.031250 0.039844
5 0.400000 0.443359 0.031250 0.039844
5 0.492188 0.443750 0.028125 0.037500
8 0.290625 0.449609 0.046875 0.052344
5 0.592969 0.455859 0.042188 0.039844
5 0.334375 0.464453 0.040625 0.041406
5 0.399219 0.479687 0.039062 0.037500
5 0.514844 0.489063 0.042188 0.056250
5 0.319531 0.495703 0.042188 0.041406
5 0.232813 0.499609 0.043750 0.046094
8 0.600000 0.506641 0.059375 0.085156
5 0.381250 0.521484 0.040625 0.046094
5 0.304688 0.531641 0.040625 0.066406
10 0.116406 0.562109 0.142187 0.171094
5 0.372656 0.566797 0.045312 0.058594
8 0.244531 0.568750 0.092188 0.125000
5 0.383594 0.612891 0.064062 0.085156
8 0.196094 0.641016 0.117188 0.160156
10 0.035156 0.684375 0.070312 0.187500
5 0.312500 0.691016 0.090625 0.103906
5 0.293750 0.809375 0.100000 0.125000
10 0.091406 0.828516 0.182812 0.341406
5 0.673438 0.901563 0.140625 0.196875
5 0.228125 0.941016 0.150000 0.116406
