5 0.473438 0.364063 0.028125 0.031250
3 0.542188 0.364063 0.056250 0.093750
9 0.662500 0.387500 0.100000 0.112500
5 0.481250 0.393750 0.037500 0.043750
5 0.490625 0.435937 0.050000 0.062500
3 0.585156 0.435547 0.082812 0.158594
5 0.509375 0.453125 0.043750 0.037500
5 0.716406 0.490234 0.035937 0.064844
9 0.660156 0.501953 0.123438 0.228906
5 0.514844 0.506250 0.064062 0.087500
5 0.760938 0.525391 0.065625 0.072656
5 0.551562 0.573047 0.096875 0.121094
5 0.797656 0.578516 0.070312 0.097656
5 0.167187 0.597266 0.087500 0.103906
5 0.862500 0.626953 0.100000 0.116406
5 0.703125 0.639453 0.096875 0.141406
5 0.276562 0.654297 0.081250 0.096094
5 0.564063 0.671875 0.106250 0.150000
5 0.614844 0.858984 0.139063 0.233594
