3 0.534375 0.359375 0.062500 0.087500
5 0.317188 0.375391 0.031250 0.035156
5 0.365625 0.375391 0.031250 0.035156
9 0.662500 0.387500 0.100000 0.112500
5 0.481250 0.393750 0.037500 0.043750
5 0.490625 0.435937 0.050000 0.062500
3 0.585156 0.435547 0.082812 0.158594
5 0.509375 0.453125 0.043750 0.037500
5 0.354687 0.459766 0.046875 0.060156
5 0.239844 0.466016 0.051562 0.060156
5 0.716406 0.490234 0.035937 0.064844
9 0.655469 0.500391 0.123438 0.228906
5 0.514844 0.506250 0.064062 0.087500
5 0.760938 0.525391 0.065625 0.072656
5 0.794531 0.555859 0.067187 0.058594
5 0.551562 0.573047 0.096875 0.121094
5 0.859375 0.604297 0.093750 0.071094
5 0.693750 0.615625 0.087500 0.137500
5 0.559375 0.656250 0.096875 0.118750
5 0.580469 0.755859 0.117188 0.171094
9 0.878125 0.803516 0.243750 0.391406
5 0.633594 0.878516 0.142187 0.228906
