8 0.317969 0.323047 0.032813 0.046094
2 0.598437 0.345703 0.059375 0.103906
5 0.388281 0.348438 0.020313 0.025000
2 0.546094 0.358984 0.064062 0.108594
8 0.265625 0.371484 0.043750 0.058594
8 0.314844 0.372266 0.035937 0.060156
1 0.486719 0.373828 0.057813 0.097656
5 0.660937 0.387891 0.034375 0.041406
5 0.369531 0.397266 0.035937 0.047656
5 0.516406 0.495703 0.060937 0.078906
2 0.680469 0.552734 0.164062 0.277344
2 0.838281 0.562891 0.201563 0.253906
5 0.292969 0.677734 0.092188 0.108594
8 0.100000 0.690625 0.156250 0.206250
