9 0.598437 0.359375 0.059375 0.081250
10 0.546875 0.375391 0.046875 0.103906
5 0.271094 0.379688 0.039062 0.037500
5 0.486719 0.396484 0.035937 0.046094
10 0.572656 0.412891 0.057813 0.110156
5 0.353906 0.436328 0.048438 0.060156
5 0.503125 0.456641 0.043750 0.066406
12 0.683594 0.466797 0.120313 0.121094
5 0.547656 0.495312 0.057813 0.068750
7 0.197656 0.541016 0.095312 0.141406
4 0.544531 0.587891 0.082812 0.166406
10 0.917188 0.715234 0.165625 0.233594
10 0.803125 0.774609 0.193750 0.308594
5 0.630469 0.801172 0.135937 0.214844
