6 0.278125 0.331250 0.053125 0.050000
2 0.217188 0.383203 0.068750 0.078906
6 0.284375 0.389062 0.081250 0.118750
5 0.487500 0.398047 0.034375 0.046094
5 0.569531 0.418750 0.039062 0.050000
5 0.601562 0.462500 0.053125 0.068750
6 0.204687 0.484375 0.137500 0.200000
5 0.524219 0.516016 0.057813 0.085156
8 0.093750 0.519922 0.096875 0.114844
5 0.325000 0.562500 0.068750 0.100000
10 0.785937 0.565625 0.112500 0.156250
5 0.664844 0.603516 0.079687 0.097656
5 0.575000 0.655078 0.090625 0.147656
10 0.800781 0.750000 0.179688 0.237500
