5 0.479687 0.374609 0.034375 0.039844
10 0.552344 0.383203 0.048438 0.091406
5 0.488281 0.407813 0.042188 0.056250
12 0.638281 0.416797 0.089063 0.096094
8 0.275781 0.420703 0.067187 0.103906
5 0.518750 0.428125 0.040625 0.050000
5 0.182812 0.462891 0.059375 0.066406
4 0.513281 0.484375 0.064062 0.112500
5 0.783594 0.493750 0.070312 0.075000
5 0.877344 0.562891 0.092188 0.110156
10 0.669531 0.564453 0.114062 0.166406
10 0.800781 0.585938 0.126562 0.162500
5 0.555469 0.599609 0.082812 0.121094
5 0.814063 0.779297 0.146875 0.196094
5 0.219531 0.868750 0.139063 0.175000
5 0.639062 0.881250 0.140625 0.237500
