10 0.346875 0.371484 0.031250 0.046094
8 0.524219 0.381641 0.032813 0.047656
10 0.323437 0.400000 0.046875 0.068750
5 0.423438 0.405859 0.021875 0.027344
5 0.403906 0.409766 0.023438 0.028906
5 0.294531 0.412891 0.026562 0.035156
8 0.357031 0.418359 0.042188 0.058594
5 0.540625 0.426172 0.031250 0.039844
5 0.507031 0.428125 0.029687 0.037500
5 0.396875 0.431641 0.031250 0.035156
5 0.259375 0.438672 0.034375 0.039844
5 0.400781 0.444141 0.032813 0.028906
5 0.507031 0.449609 0.039062 0.046094
5 0.399219 0.458984 0.035937 0.046094
8 0.335156 0.459766 0.057813 0.085156
5 0.269531 0.463672 0.039062 0.052344
5 0.385937 0.489453 0.043750 0.053906
5 0.191406 0.494922 0.032813 0.052344
8 0.238281 0.499609 0.070312 0.089844
5 0.301563 0.510547 0.053125 0.071094
5 0.351562 0.600000 0.071875 0.087500
5 0.248438 0.612109 0.071875 0.089844
5 0.136719 0.628516 0.076563 0.091406
5 0.713281 0.950391 0.145313 0.097656
