1 0.352344 0.424609 0.057813 0.077344
8 0.307031 0.428516 0.045312 0.066406
5 0.396094 0.453125 0.039062 0.043750
5 0.507812 0.453516 0.028125 0.041406
9 0.318750 0.457813 0.075000 0.093750
10 0.247656 0.480078 0.060937 0.097656
5 0.389844 0.498437 0.042188 0.050000
5 0.538281 0.521875 0.051562 0.068750
5 0.373437 0.541016 0.050000 0.060156
10 0.268750 0.547266 0.090625 0.116406
9 0.125000 0.562500 0.178125 0.225000
5 0.352344 0.587109 0.064062 0.064844
5 0.331250 0.648438 0.075000 0.100000
7 0.328906 0.718359 0.085938 0.127344
5 0.290625 0.840625 0.112500 0.150000
5 0.671875 0.893750 0.150000 0.212500
