8 0.281250 0.436328 0.050000 0.060156
8 0.622656 0.445312 0.048438 0.081250
5 0.497656 0.449609 0.039062 0.058594
9 0.565625 0.451953 0.062500 0.091406
8 0.334375 0.454688 0.043750 0.075000
10 0.247656 0.476562 0.060937 0.093750
5 0.667188 0.515234 0.043750 0.064844
5 0.383594 0.517188 0.045312 0.050000
10 0.292969 0.519922 0.060937 0.102344
5 0.547656 0.557422 0.064062 0.077344
5 0.361719 0.603516 0.064062 0.085156
9 0.086719 0.610547 0.164062 0.221094
5 0.242969 0.659766 0.082812 0.078906
5 0.299219 0.836328 0.123438 0.160156
