5 0.378906 0.363672 0.032813 0.039844
5 0.329688 0.375000 0.040625 0.043750
8 0.554688 0.386328 0.046875 0.072656
5 0.622656 0.387109 0.039062 0.039844
5 0.494531 0.398047 0.035937 0.033594
5 0.364844 0.403125 0.039062 0.056250
5 0.299219 0.412891 0.045312 0.047656
5 0.489844 0.416016 0.032813 0.041406
5 0.641406 0.423438 0.060937 0.050000
5 0.574219 0.425391 0.039062 0.047656
5 0.498437 0.429297 0.037500 0.033594
6 0.186719 0.431641 0.095312 0.128906
5 0.263281 0.471875 0.054688 0.062500
5 0.508594 0.474609 0.045312 0.071094
6 0.766406 0.506250 0.148438 0.181250
5 0.528125 0.562500 0.071875 0.100000
5 0.669531 0.576172 0.085938 0.114844
8 0.864062 0.642578 0.106250 0.135156
5 0.575000 0.676953 0.090625 0.128906
5 0.226562 0.812500 0.128125 0.150000
5 0.860156 0.863672 0.160938 0.214844
