5 0.478906 0.381250 0.026562 0.037500
9 0.326562 0.402734 0.040625 0.064844
5 0.495312 0.414453 0.034375 0.053906
5 0.405469 0.430859 0.032813 0.046094
9 0.292969 0.437891 0.064062 0.072656
5 0.355469 0.442578 0.039062 0.047656
5 0.329688 0.476562 0.034375 0.056250
10 0.221094 0.481641 0.079687 0.091406
5 0.376563 0.498047 0.040625 0.058594
8 0.686719 0.519922 0.060937 0.127344
10 0.626563 0.530859 0.081250 0.146094
5 0.368750 0.546484 0.056250 0.058594
10 0.105469 0.583203 0.167187 0.178906
5 0.342969 0.587500 0.051562 0.087500
5 0.325000 0.647266 0.081250 0.116406
9 0.121094 0.725391 0.242188 0.372656
5 0.288281 0.747266 0.092188 0.147656
5 0.259375 0.905859 0.153125 0.183594
