10 0.535937 0.404687 0.040625 0.075000
9 0.298438 0.412109 0.062500 0.083594
5 0.409375 0.424609 0.028125 0.039844
5 0.494531 0.442578 0.023438 0.035156
5 0.403125 0.458203 0.037500 0.041406
12 0.241406 0.467578 0.079687 0.135156
9 0.307031 0.476172 0.076563 0.127344
8 0.635938 0.484375 0.062500 0.068750
5 0.382812 0.500391 0.046875 0.053906
5 0.363281 0.575000 0.064062 0.081250
8 0.147656 0.591016 0.101562 0.128906
5 0.254688 0.596484 0.078125 0.083594
7 0.339844 0.667578 0.079687 0.110156
5 0.303125 0.810547 0.106250 0.146094
