5 0.393750 0.333984 0.037500 0.033594
5 0.385156 0.358984 0.035937 0.052344
5 0.522656 0.387109 0.032813 0.052344
2 0.293750 0.403516 0.081250 0.160156
5 0.489063 0.446875 0.059375 0.075000
8 0.616406 0.448047 0.070312 0.121094
2 0.747656 0.461328 0.151562 0.185156
2 0.118750 0.498828 0.131250 0.135156
5 0.512500 0.504687 0.075000 0.087500
5 0.589844 0.512891 0.089063 0.128906
8 0.701562 0.560937 0.093750 0.125000
5 0.542969 0.600391 0.089063 0.141406
2 0.774219 0.610547 0.173437 0.271094
5 0.188281 0.619141 0.126562 0.122656
5 0.588281 0.712891 0.110937 0.191406
2 0.878125 0.797266 0.243750 0.403906
5 0.628906 0.878125 0.148438 0.243750
