1 0.367969 0.301953 0.032813 0.053906
5 0.389844 0.337500 0.020313 0.037500
2 0.311719 0.366016 0.048438 0.072656
5 0.382812 0.373437 0.034375 0.050000
2 0.203125 0.416797 0.093750 0.121094
5 0.288281 0.425000 0.045312 0.056250
5 0.367188 0.429297 0.062500 0.058594
2 0.510938 0.487109 0.075000 0.083594
2 0.755469 0.487891 0.110937 0.147656
2 0.624219 0.510547 0.064062 0.133594
2 0.667969 0.546484 0.095312 0.189844
5 0.520312 0.566016 0.084375 0.103906
2 0.926562 0.587891 0.146875 0.203906
5 0.554688 0.612891 0.081250 0.110156
8 0.749219 0.635547 0.089063 0.158594
2 0.115625 0.642578 0.231250 0.310156
5 0.558594 0.705859 0.098437 0.146094
5 0.281250 0.725000 0.131250 0.175000
2 0.875781 0.772266 0.248438 0.453906
5 0.732812 0.868750 0.165625 0.256250
5 0.599219 0.934766 0.123438 0.128906
