9 0.335156 0.397266 0.039062 0.060156
9 0.309375 0.418750 0.050000 0.062500
5 0.366406 0.433203 0.039062 0.041406
5 0.339062 0.461328 0.028125 0.060156
5 0.389062 0.482422 0.065625 0.064844
5 0.525000 0.505859 0.068750 0.083594
10 0.189062 0.514062 0.115625 0.131250
10 0.254688 0.534766 0.150000 0.166406
5 0.382812 0.548828 0.081250 0.085156
5 0.353125 0.596875 0.071875 0.093750
8 0.078906 0.650000 0.132812 0.168750
9 0.151562 0.666797 0.234375 0.321094
5 0.327344 0.669141 0.092188 0.135156
5 0.291406 0.759375 0.114062 0.162500
5 0.633594 0.806250 0.148438 0.200000
5 0.272656 0.910937 0.170313 0.178125
