5 0.496094 0.415625 0.023438 0.037500
10 0.349219 0.419141 0.048438 0.060156
5 0.403125 0.420703 0.028125 0.028906
9 0.284375 0.433203 0.059375 0.078906
5 0.401562 0.448828 0.034375 0.035156
5 0.341406 0.453125 0.032813 0.037500
9 0.232031 0.462109 0.085938 0.096094
5 0.391406 0.468359 0.035937 0.046094
5 0.329688 0.474609 0.037500 0.052344
5 0.507812 0.478125 0.037500 0.068750
5 0.379688 0.479687 0.034375 0.025000
5 0.310156 0.501172 0.045312 0.052344
5 0.375781 0.508984 0.045312 0.052344
5 0.278906 0.547266 0.048438 0.072656
5 0.371094 0.556250 0.045312 0.068750
5 0.348438 0.607812 0.065625 0.081250
10 0.189062 0.618359 0.196875 0.239844
5 0.323437 0.674609 0.093750 0.114844
10 0.049219 0.677734 0.098437 0.246094
5 0.285938 0.793750 0.118750 0.143750
