5 0.378906 0.366016 0.029687 0.035156
8 0.554688 0.386328 0.046875 0.072656
5 0.494531 0.398047 0.035937 0.033594
5 0.616406 0.406250 0.048438 0.043750
5 0.360156 0.412109 0.045312 0.052344
5 0.489844 0.416016 0.032813 0.041406
5 0.572656 0.422266 0.039062 0.047656
5 0.498437 0.429297 0.037500 0.033594
5 0.278906 0.455078 0.054688 0.060156
5 0.503906 0.466797 0.045312 0.071094
6 0.735938 0.476172 0.125000 0.152344
5 0.328906 0.506250 0.057813 0.075000
5 0.628906 0.506641 0.070312 0.078906
5 0.825781 0.515234 0.064062 0.089844
5 0.521094 0.523438 0.057813 0.087500
6 0.060937 0.531641 0.121875 0.185156
5 0.220312 0.550391 0.075000 0.078906
8 0.795312 0.575391 0.096875 0.103906
5 0.554688 0.606250 0.075000 0.093750
5 0.907813 0.708203 0.109375 0.128906
5 0.765625 0.712891 0.115625 0.160156
5 0.650000 0.805078 0.121875 0.185156
5 0.057813 0.812891 0.115625 0.153906
8 0.892188 0.851562 0.200000 0.296875
