8 0.310937 0.375000 0.053125 0.075000
5 0.384375 0.377734 0.053125 0.058594
5 0.663281 0.403125 0.070312 0.100000
8 0.269531 0.412500 0.045312 0.081250
5 0.570312 0.425000 0.031250 0.062500
5 0.593750 0.437500 0.043750 0.043750
5 0.345313 0.476172 0.065625 0.077344
2 0.729688 0.491797 0.081250 0.096094
5 0.512500 0.509375 0.056250 0.043750
8 0.669531 0.550000 0.092188 0.200000
5 0.527344 0.568359 0.067187 0.089844
2 0.857812 0.575391 0.159375 0.191406
5 0.557813 0.635938 0.096875 0.137500
8 0.742188 0.643359 0.071875 0.171094
2 0.850781 0.725391 0.207813 0.341406
5 0.599219 0.837500 0.135937 0.225000
2 0.925000 0.846875 0.150000 0.306250
5 0.774219 0.956641 0.170313 0.085156
