2 0.353125 0.329688 0.043750 0.062500
8 0.309375 0.333984 0.034375 0.058594
7 0.371875 0.360547 0.028125 0.046094
2 0.637500 0.378516 0.078125 0.122656
8 0.553125 0.387500 0.046875 0.087500
5 0.362500 0.414062 0.043750 0.068750
5 0.571094 0.424609 0.032813 0.052344
5 0.595313 0.447266 0.043750 0.066406
5 0.502344 0.462500 0.039062 0.062500
8 0.696094 0.462109 0.082812 0.133594
5 0.517188 0.495312 0.059375 0.081250
2 0.085938 0.508203 0.165625 0.216406
8 0.622656 0.509766 0.067187 0.135156
5 0.530469 0.534766 0.064062 0.085156
8 0.824219 0.546484 0.123438 0.171094
8 0.667969 0.549609 0.107813 0.202344
5 0.558594 0.576953 0.070312 0.103906
8 0.535937 0.623047 0.081250 0.158594
8 0.764844 0.650391 0.098437 0.160156
5 0.266406 0.669141 0.104688 0.135156
2 0.863281 0.733984 0.229687 0.389844
5 0.573438 0.742188 0.100000 0.175000
5 0.613281 0.862500 0.135937 0.206250
5 0.642969 0.950391 0.151562 0.097656
