10 0.266406 0.449609 0.073438 0.108594
8 0.562500 0.453125 0.037500 0.075000
5 0.387500 0.462500 0.034375 0.043750
5 0.336719 0.469141 0.032813 0.041406
5 0.503906 0.483203 0.039062 0.053906
5 0.169531 0.515234 0.051562 0.058594
10 0.286719 0.524609 0.082812 0.121094
5 0.198437 0.540625 0.053125 0.056250
5 0.376563 0.550391 0.046875 0.053906
1 0.642188 0.550391 0.131250 0.203906
5 0.817187 0.640625 0.118750 0.125000
5 0.063281 0.672266 0.095312 0.116406
5 0.323437 0.675391 0.075000 0.103906
5 0.153906 0.728516 0.104688 0.128906
