1 0.349219 0.324609 0.042188 0.083594
8 0.387500 0.355078 0.031250 0.035156
5 0.363281 0.396875 0.039062 0.043750
5 0.576562 0.412109 0.040625 0.046094
8 0.249219 0.469141 0.089063 0.135156
5 0.596094 0.472266 0.048438 0.072656
2 0.729688 0.471875 0.090625 0.143750
8 0.509375 0.476562 0.065625 0.068750
8 0.347656 0.487891 0.060937 0.097656
2 0.100000 0.503516 0.134375 0.172656
2 0.633594 0.518359 0.082812 0.158594
5 0.515625 0.545312 0.065625 0.093750
2 0.680469 0.551562 0.104688 0.193750
2 0.900000 0.587109 0.200000 0.252344
5 0.549219 0.600391 0.076563 0.116406
5 0.179688 0.610938 0.115625 0.125000
2 0.742969 0.623828 0.073438 0.122656
5 0.557031 0.696875 0.082812 0.150000
2 0.842969 0.706250 0.192188 0.337500
5 0.278125 0.745703 0.125000 0.141406
2 0.913281 0.831250 0.173437 0.337500
5 0.719531 0.862109 0.151562 0.271094
5 0.590625 0.922266 0.112500 0.153906
