10 0.346875 0.423438 0.050000 0.087500
5 0.503125 0.433984 0.034375 0.052344
5 0.396094 0.456250 0.045312 0.043750
10 0.570312 0.459766 0.050000 0.072656
9 0.645312 0.467578 0.075000 0.122656
9 0.278125 0.504297 0.109375 0.171094
5 0.528906 0.508984 0.051562 0.071094
5 0.374219 0.533984 0.064062 0.083594
8 0.142187 0.582422 0.115625 0.127344
5 0.349219 0.599609 0.070312 0.089844
10 0.143750 0.679688 0.190625 0.237500
8 0.036719 0.725000 0.073438 0.187500
5 0.292969 0.818359 0.107813 0.152344
5 0.716406 0.883984 0.164062 0.227344
