8 0.328906 0.325000 0.029687 0.043750
5 0.389844 0.344141 0.029687 0.041406
2 0.261719 0.361328 0.060937 0.085156
5 0.366406 0.396484 0.048438 0.058594
8 0.642969 0.400000 0.076563 0.112500
2 0.301563 0.400391 0.065625 0.097656
8 0.700000 0.472266 0.081250 0.091406
8 0.627344 0.503125 0.073438 0.131250
2 0.804688 0.507422 0.143750 0.127344
8 0.181250 0.521875 0.100000 0.162500
5 0.318750 0.529297 0.081250 0.096094
8 0.672656 0.551172 0.098437 0.189844
5 0.917188 0.568750 0.062500 0.093750
5 0.531250 0.582812 0.087500 0.131250
2 0.960938 0.603125 0.075000 0.187500
5 0.555469 0.622266 0.095312 0.116406
8 0.743750 0.647266 0.081250 0.166406
8 0.065625 0.667578 0.131250 0.210156
2 0.843750 0.682813 0.187500 0.281250
5 0.568750 0.740234 0.106250 0.171094
2 0.927344 0.853125 0.145313 0.293750
5 0.743750 0.882812 0.175000 0.234375
