8 0.321875 0.312891 0.031250 0.047656
8 0.338281 0.340234 0.029687 0.052344
5 0.386719 0.362109 0.029687 0.039844
8 0.557031 0.394141 0.064062 0.091406
5 0.571875 0.420312 0.037500 0.043750
8 0.682813 0.420703 0.093750 0.103906
5 0.503906 0.434766 0.048438 0.053906
5 0.599219 0.441797 0.045312 0.071094
8 0.142187 0.487500 0.100000 0.137500
8 0.512500 0.504687 0.059375 0.100000
8 0.633594 0.518359 0.089063 0.127344
8 0.771875 0.539062 0.068750 0.131250
8 0.675781 0.546484 0.117188 0.202344
5 0.525781 0.591797 0.095312 0.133594
2 0.925000 0.610938 0.150000 0.200000
8 0.733594 0.631250 0.051562 0.118750
5 0.564844 0.683984 0.095312 0.152344
8 0.083594 0.701562 0.126562 0.156250
2 0.853906 0.706641 0.226562 0.328906
2 0.185938 0.795312 0.200000 0.409375
2 0.927344 0.841016 0.145313 0.316406
5 0.632812 0.907813 0.162500 0.184375
