1 0.467187 0.328125 0.040625 0.062500
1 0.518750 0.339062 0.040625 0.068750
5 0.475781 0.357812 0.035937 0.031250
1 0.543750 0.369922 0.056250 0.089844
5 0.373437 0.374609 0.034375 0.046094
5 0.319531 0.380859 0.032813 0.039844
5 0.479687 0.384375 0.031250 0.037500
9 0.660156 0.396875 0.095312 0.118750
5 0.492969 0.407813 0.039062 0.031250
5 0.546094 0.419922 0.023438 0.052344
1 0.594531 0.440234 0.095312 0.164844
5 0.499219 0.447266 0.051562 0.053906
5 0.513281 0.486328 0.060937 0.060156
5 0.524219 0.531250 0.067187 0.081250
9 0.703125 0.544141 0.150000 0.247656
5 0.782813 0.546875 0.059375 0.100000
5 0.541406 0.581250 0.079687 0.100000
1 0.035937 0.621875 0.071875 0.250000
5 0.298438 0.637891 0.084375 0.103906
5 0.862500 0.648438 0.100000 0.125000
5 0.598437 0.745313 0.125000 0.206250
5 0.932813 0.910937 0.134375 0.175000
