10 0.354687 0.372266 0.031250 0.047656
9 0.509375 0.374609 0.028125 0.052344
5 0.474219 0.378125 0.014063 0.025000
5 0.479687 0.398438 0.018750 0.025000
8 0.328906 0.401562 0.032813 0.043750
8 0.364844 0.406250 0.029687 0.043750
5 0.400000 0.407813 0.025000 0.018750
5 0.491406 0.419141 0.023438 0.028906
5 0.398438 0.428516 0.028125 0.028906
5 0.308594 0.430859 0.026562 0.033594
10 0.349219 0.435937 0.035937 0.062500
5 0.267969 0.440234 0.032813 0.033594
5 0.403125 0.449609 0.031250 0.033594
5 0.334375 0.463672 0.037500 0.052344
5 0.273438 0.468750 0.031250 0.037500
5 0.392188 0.469141 0.034375 0.041406
5 0.378125 0.494922 0.037500 0.052344
9 0.192969 0.509375 0.104688 0.131250
5 0.303125 0.512500 0.046875 0.056250
5 0.371875 0.521875 0.046875 0.062500
5 0.264062 0.588672 0.062500 0.077344
9 0.075000 0.640234 0.150000 0.233594
5 0.341406 0.678125 0.076563 0.100000
5 0.177344 0.730859 0.098437 0.133594
5 0.250000 0.893750 0.125000 0.156250
