5 0.475000 0.359766 0.025000 0.022656
9 0.325781 0.399609 0.048438 0.052344
5 0.411719 0.413672 0.029687 0.039844
9 0.307031 0.419141 0.048438 0.072656
5 0.363281 0.430859 0.035937 0.046094
10 0.260156 0.438672 0.064062 0.077344
5 0.342187 0.458203 0.034375 0.041406
5 0.384375 0.482812 0.053125 0.056250
10 0.178125 0.484766 0.112500 0.103906
5 0.516406 0.495312 0.048438 0.081250
10 0.250000 0.525391 0.125000 0.172656
5 0.376563 0.556641 0.043750 0.085156
5 0.353125 0.606250 0.062500 0.093750
8 0.066406 0.656641 0.123438 0.185156
9 0.149219 0.664062 0.226562 0.331250
5 0.330469 0.665234 0.079687 0.133594
5 0.599219 0.731641 0.101562 0.185156
5 0.292969 0.765625 0.123438 0.168750
5 0.271875 0.906250 0.162500 0.187500
