10 0.296094 0.423438 0.060937 0.087500
5 0.391406 0.442188 0.026562 0.037500
5 0.350781 0.450391 0.032813 0.041406
5 0.250781 0.456641 0.035937 0.041406
5 0.517969 0.467578 0.032813 0.047656
5 0.396875 0.475000 0.037500 0.043750
10 0.321875 0.479687 0.071875 0.100000
5 0.203906 0.484375 0.048438 0.050000
5 0.373437 0.528125 0.050000 0.062500
5 0.196094 0.537109 0.057813 0.077344
5 0.250000 0.585547 0.071875 0.096094
5 0.553906 0.587891 0.064062 0.103906
5 0.328906 0.614062 0.085938 0.093750
8 0.100781 0.621484 0.126562 0.152344
5 0.843750 0.691016 0.109375 0.122656
5 0.096875 0.852734 0.146875 0.171094
5 0.884375 0.912891 0.200000 0.172656
