9 0.485938 0.339453 0.015625 0.028906
5 0.464844 0.346484 0.010937 0.014844
10 0.339062 0.387500 0.034375 0.056250
8 0.363281 0.407813 0.029687 0.043750
5 0.400000 0.407813 0.025000 0.018750
5 0.398438 0.428516 0.028125 0.028906
8 0.297656 0.434766 0.048438 0.066406
10 0.343750 0.443359 0.043750 0.071094
5 0.400000 0.452734 0.031250 0.033594
5 0.392188 0.470703 0.034375 0.041406
5 0.217969 0.475391 0.039062 0.035156
5 0.317188 0.487891 0.040625 0.053906
5 0.254688 0.492188 0.040625 0.050000
5 0.377344 0.503125 0.042188 0.056250
5 0.282813 0.546875 0.050000 0.062500
5 0.240625 0.611328 0.071875 0.085156
9 0.065625 0.666016 0.131250 0.253906
5 0.322656 0.672266 0.082812 0.122656
8 0.866406 0.801172 0.198437 0.352344
5 0.128125 0.810937 0.128125 0.137500
