5 0.500781 0.365625 0.023438 0.043750
5 0.476562 0.383984 0.025000 0.027344
5 0.547656 0.394922 0.023438 0.027344
5 0.366406 0.397266 0.032813 0.041406
5 0.401562 0.419141 0.028125 0.028906
10 0.351562 0.423828 0.046875 0.060156
5 0.505469 0.428125 0.032813 0.050000
9 0.291406 0.437891 0.054688 0.078906
5 0.403125 0.448437 0.031250 0.037500
9 0.228125 0.466016 0.103125 0.097656
5 0.392969 0.471484 0.039062 0.046094
5 0.335156 0.472266 0.042188 0.047656
5 0.378906 0.485547 0.035937 0.046094
5 0.310937 0.503125 0.046875 0.050000
5 0.377344 0.512500 0.045312 0.056250
5 0.519531 0.512500 0.042188 0.081250
5 0.372656 0.552734 0.051562 0.071094
5 0.285156 0.553516 0.048438 0.072656
5 0.352344 0.607422 0.064062 0.077344
10 0.182812 0.619141 0.175000 0.253906
10 0.054688 0.655859 0.109375 0.233594
5 0.326562 0.672266 0.081250 0.116406
5 0.283594 0.780078 0.117188 0.147656
