9 0.586719 0.350391 0.048438 0.078906
10 0.536719 0.361328 0.048438 0.085156
5 0.480469 0.378516 0.039062 0.041406
10 0.558594 0.393359 0.048438 0.083594
8 0.289844 0.399609 0.060937 0.089844
5 0.496094 0.419922 0.042188 0.052344
12 0.652344 0.431641 0.098437 0.091406
5 0.518750 0.440625 0.046875 0.050000
5 0.207031 0.443750 0.054688 0.056250
4 0.517969 0.499609 0.070312 0.127344
5 0.814844 0.512500 0.079687 0.068750
10 0.690625 0.594922 0.128125 0.189844
10 0.819531 0.603516 0.129688 0.178906
5 0.930469 0.609766 0.110937 0.128906
5 0.565625 0.628516 0.093750 0.147656
5 0.275000 0.687500 0.096875 0.112500
5 0.858594 0.847266 0.160938 0.216406
