5 0.596094 0.375000 0.039062 0.050000
5 0.546875 0.394141 0.040625 0.047656
5 0.619531 0.405859 0.039062 0.052344
5 0.489063 0.408203 0.034375 0.041406
6 0.198437 0.418750 0.068750 0.087500
8 0.675000 0.437109 0.062500 0.089844
5 0.593750 0.456641 0.056250 0.072656
5 0.505469 0.458203 0.045312 0.053906
2 0.785937 0.517188 0.187500 0.287500
5 0.547656 0.562500 0.076563 0.112500
5 0.926562 0.583203 0.081250 0.103906
2 0.700781 0.596875 0.170313 0.237500
5 0.616406 0.778516 0.120313 0.185156
5 0.182812 0.892188 0.156250 0.215625
