6 0.255469 0.368750 0.060937 0.081250
5 0.328906 0.371484 0.026562 0.039844
8 0.564063 0.397266 0.053125 0.091406
5 0.492969 0.401953 0.042188 0.041406
5 0.642188 0.412891 0.043750 0.047656
5 0.489063 0.425391 0.034375 0.047656
5 0.684375 0.443359 0.053125 0.058594
5 0.347656 0.447266 0.048438 0.053906
5 0.590625 0.454297 0.046875 0.058594
5 0.506250 0.459375 0.046875 0.062500
5 0.518750 0.505078 0.053125 0.072656
6 0.815625 0.549609 0.193750 0.208594
5 0.539844 0.615234 0.089063 0.121094
5 0.728906 0.675391 0.114062 0.147656
8 0.942187 0.737891 0.115625 0.166406
5 0.610938 0.794141 0.115625 0.172656
