8 0.627344 0.355078 0.076563 0.110156
5 0.380469 0.382812 0.035937 0.056250
8 0.217188 0.417187 0.050000 0.087500
8 0.667188 0.418750 0.078125 0.081250
5 0.575000 0.427734 0.031250 0.058594
5 0.355469 0.431641 0.042188 0.053906
5 0.497656 0.448828 0.042188 0.060156
5 0.594531 0.453516 0.048438 0.066406
5 0.514844 0.481250 0.051562 0.062500
8 0.767188 0.482812 0.100000 0.106250
2 0.234375 0.496484 0.131250 0.202344
8 0.640625 0.500391 0.100000 0.103906
8 0.526563 0.515234 0.053125 0.039844
8 0.675000 0.541797 0.093750 0.183594
8 0.561719 0.576562 0.082812 0.118750
8 0.907813 0.593750 0.184375 0.200000
8 0.539844 0.621484 0.079687 0.146094
5 0.327344 0.640234 0.104688 0.146094
2 0.851562 0.706641 0.221875 0.316406
5 0.575000 0.713672 0.075000 0.114844
5 0.128125 0.799609 0.143750 0.152344
5 0.612500 0.830078 0.115625 0.160156
2 0.928125 0.851562 0.143750 0.296875
5 0.644531 0.950391 0.154688 0.097656
