5 0.506250 0.373828 0.015625 0.022656
5 0.476562 0.374609 0.015625 0.021094
10 0.337500 0.381641 0.040625 0.053906
5 0.423438 0.405859 0.025000 0.027344
8 0.368750 0.406250 0.031250 0.050000
5 0.407813 0.410547 0.028125 0.033594
10 0.311719 0.412891 0.057813 0.078906
8 0.352344 0.418750 0.035937 0.050000
5 0.282813 0.425391 0.028125 0.035156
5 0.395313 0.433203 0.028125 0.041406
5 0.348438 0.448437 0.031250 0.037500
5 0.242969 0.456250 0.045312 0.043750
5 0.399219 0.456641 0.035937 0.041406
5 0.510156 0.459375 0.032813 0.043750
10 0.327344 0.472266 0.057813 0.097656
5 0.389844 0.491797 0.045312 0.058594
5 0.195312 0.493750 0.043750 0.043750
5 0.231250 0.506641 0.053125 0.072656
5 0.277344 0.541016 0.067187 0.085156
5 0.360156 0.550000 0.067187 0.081250
8 0.171094 0.559766 0.101562 0.135156
5 0.052344 0.616016 0.092188 0.097656
5 0.591406 0.664453 0.085938 0.128906
5 0.178906 0.717187 0.107813 0.125000
5 0.296094 0.783203 0.114062 0.141406
