5 0.329688 0.324609 0.025000 0.039844
5 0.364063 0.325391 0.025000 0.035156
5 0.389062 0.337500 0.028125 0.043750
2 0.607031 0.348047 0.082812 0.096094
8 0.553906 0.384375 0.048438 0.075000
5 0.482812 0.395313 0.046875 0.056250
5 0.492969 0.423828 0.045312 0.060156
5 0.574219 0.424609 0.051562 0.052344
5 0.595313 0.448047 0.043750 0.058594
5 0.507812 0.469141 0.053125 0.072656
8 0.728125 0.469922 0.093750 0.127344
8 0.798438 0.503125 0.125000 0.106250
8 0.620313 0.505078 0.071875 0.135156
5 0.523438 0.515625 0.065625 0.081250
5 0.308594 0.537109 0.076563 0.114844
8 0.665625 0.552734 0.093750 0.189844
5 0.557813 0.571875 0.065625 0.112500
8 0.530469 0.612891 0.082812 0.135156
8 0.739062 0.632422 0.043750 0.139844
2 0.856250 0.696875 0.234375 0.312500
5 0.574219 0.712109 0.114062 0.139844
5 0.617188 0.841016 0.140625 0.153906
2 0.921875 0.846875 0.156250 0.306250
5 0.635938 0.946875 0.137500 0.106250
