9 0.317969 0.402734 0.032813 0.064844
9 0.277344 0.436328 0.067187 0.072656
5 0.400000 0.444922 0.043750 0.039844
5 0.350781 0.445703 0.035937 0.041406
8 0.609375 0.451562 0.040625 0.068750
10 0.567969 0.460938 0.051562 0.100000
5 0.326562 0.480859 0.050000 0.064844
5 0.373437 0.494141 0.062500 0.041406
10 0.190625 0.505078 0.071875 0.110156
10 0.250781 0.537109 0.129688 0.183594
5 0.366406 0.553125 0.051562 0.075000
5 0.344531 0.598828 0.060937 0.072656
5 0.325781 0.667188 0.085938 0.125000
5 0.290625 0.760547 0.118750 0.146094
9 0.114062 0.764062 0.228125 0.431250
5 0.260156 0.904687 0.135937 0.162500
