8 0.293750 0.426172 0.043750 0.052344
8 0.337500 0.446875 0.040625 0.062500
8 0.649219 0.464453 0.048438 0.078906
10 0.256250 0.469922 0.056250 0.102344
9 0.579688 0.473828 0.075000 0.097656
5 0.511719 0.493359 0.042188 0.064844
10 0.303125 0.499609 0.059375 0.089844
5 0.385937 0.505859 0.040625 0.058594
5 0.708594 0.556250 0.064062 0.081250
5 0.365625 0.580859 0.065625 0.077344
9 0.114062 0.582422 0.153125 0.189844
5 0.260156 0.628516 0.070312 0.078906
5 0.589844 0.662891 0.089063 0.110156
5 0.307031 0.790625 0.110937 0.143750
