10 0.536719 0.415625 0.035937 0.068750
5 0.395313 0.453125 0.037500 0.043750
5 0.341406 0.460938 0.039062 0.050000
5 0.515625 0.492578 0.040625 0.072656
5 0.317969 0.494922 0.042188 0.052344
5 0.376563 0.510547 0.053125 0.058594
10 0.156250 0.531641 0.096875 0.128906
5 0.372656 0.552734 0.051562 0.071094
10 0.226562 0.562891 0.134375 0.197656
5 0.349219 0.606250 0.060937 0.081250
5 0.328906 0.665234 0.089063 0.127344
5 0.852344 0.708203 0.117188 0.141406
5 0.289844 0.755859 0.110937 0.139844
9 0.102344 0.787500 0.204687 0.425000
5 0.634375 0.817578 0.137500 0.222656
5 0.260937 0.910937 0.146875 0.178125
