2 0.379688 0.287109 0.025000 0.039844
7 0.409375 0.294141 0.021875 0.028906
8 0.342187 0.298828 0.025000 0.035156
5 0.401562 0.305078 0.018750 0.022656
5 0.388281 0.331641 0.026562 0.035156
2 0.282031 0.342578 0.057813 0.085156
8 0.371875 0.371484 0.031250 0.046094
8 0.553125 0.387500 0.046875 0.087500
2 0.673438 0.400000 0.093750 0.143750
8 0.289062 0.401562 0.056250 0.081250
5 0.571094 0.424609 0.032813 0.052344
5 0.595313 0.447266 0.043750 0.066406
8 0.148438 0.450391 0.103125 0.110156
5 0.502344 0.462500 0.039062 0.062500
5 0.345313 0.483203 0.056250 0.066406
8 0.732812 0.489063 0.096875 0.156250
5 0.517188 0.495312 0.059375 0.081250
5 0.821875 0.503125 0.065625 0.068750
8 0.622656 0.509766 0.067187 0.135156
5 0.530469 0.534766 0.064062 0.085156
8 0.667969 0.549609 0.107813 0.202344
5 0.558594 0.576953 0.070312 0.103906
8 0.535937 0.623047 0.081250 0.158594
8 0.764844 0.650391 0.098437 0.160156
5 0.286719 0.654297 0.089063 0.121094
2 0.863281 0.733984 0.229687 0.389844
5 0.573438 0.742188 0.100000 0.175000
5 0.613281 0.862500 0.135937 0.206250
5 0.642969 0.950391 0.151562 0.097656
