10 0.288281 0.430859 0.064062 0.096094
5 0.254688 0.440234 0.037500 0.039844
5 0.391406 0.442188 0.026562 0.037500
5 0.341406 0.459766 0.032813 0.041406
5 0.231250 0.468359 0.037500 0.046094
5 0.514844 0.474609 0.032813 0.052344
10 0.310156 0.491016 0.076563 0.110156
5 0.389062 0.494141 0.040625 0.047656
5 0.175000 0.507422 0.053125 0.052344
5 0.674219 0.516016 0.054688 0.060156
5 0.362500 0.550391 0.053125 0.078906
5 0.166406 0.562109 0.067187 0.083594
5 0.645312 0.587891 0.075000 0.091406
5 0.555469 0.606250 0.064062 0.100000
5 0.232031 0.610547 0.076563 0.096094
8 0.061719 0.675000 0.123438 0.175000
5 0.265625 0.692187 0.112500 0.112500
5 0.650000 0.900000 0.150000 0.200000
