5 0.381250 0.362109 0.037500 0.046094
5 0.475000 0.378516 0.040625 0.053906
2 0.558594 0.381641 0.073438 0.122656
2 0.296094 0.397266 0.064062 0.103906
5 0.371094 0.406250 0.039062 0.050000
2 0.652344 0.407422 0.085938 0.114844
5 0.493750 0.446484 0.056250 0.077344
8 0.210156 0.471484 0.076563 0.102344
5 0.616406 0.485938 0.057813 0.087500
8 0.754687 0.500391 0.059375 0.141406
5 0.333594 0.501563 0.060937 0.068750
1 0.697656 0.550000 0.173437 0.250000
5 0.574219 0.587109 0.085938 0.121094
5 0.875000 0.658984 0.100000 0.114844
5 0.250781 0.748047 0.114062 0.133594
5 0.632812 0.822266 0.143750 0.222656
