9 0.313281 0.406641 0.039062 0.072656
8 0.588281 0.419141 0.042188 0.072656
10 0.553125 0.433984 0.040625 0.083594
5 0.392188 0.439453 0.028125 0.053906
9 0.282813 0.446484 0.059375 0.083594
5 0.344531 0.450391 0.054688 0.047656
5 0.323437 0.479687 0.050000 0.062500
5 0.380469 0.505078 0.054688 0.060156
10 0.175000 0.512891 0.078125 0.116406
10 0.228125 0.552734 0.134375 0.189844
5 0.370312 0.562500 0.056250 0.081250
5 0.346875 0.598047 0.059375 0.071094
5 0.563281 0.640234 0.079687 0.121094
5 0.331250 0.653125 0.081250 0.093750
5 0.288281 0.751953 0.110937 0.141406
9 0.107813 0.778516 0.215625 0.441406
5 0.267969 0.912891 0.135937 0.166406
