5 0.407031 0.285938 0.026562 0.025000
8 0.338281 0.301563 0.029687 0.068750
5 0.371094 0.303125 0.026562 0.043750
5 0.402344 0.303125 0.020313 0.031250
5 0.387500 0.323828 0.028125 0.035156
5 0.339844 0.362500 0.048438 0.075000
5 0.483594 0.384375 0.039062 0.025000
5 0.489844 0.401953 0.039062 0.041406
5 0.677344 0.408203 0.085938 0.116406
2 0.585156 0.413672 0.076563 0.127344
5 0.490625 0.418359 0.050000 0.046094
8 0.289062 0.420703 0.081250 0.116406
5 0.518750 0.454297 0.062500 0.058594
5 0.521094 0.503125 0.089063 0.087500
5 0.782031 0.503516 0.101562 0.097656
2 0.096875 0.526172 0.193750 0.214844
2 0.670312 0.539453 0.134375 0.216406
5 0.321094 0.565234 0.089063 0.108594
5 0.539844 0.566797 0.098437 0.121094
5 0.581250 0.690234 0.140625 0.133594
8 0.153125 0.693359 0.250000 0.239844
2 0.842969 0.731641 0.314063 0.535156
5 0.604688 0.840234 0.159375 0.221094
5 0.670312 0.937500 0.156250 0.125000
