10 0.291406 0.423047 0.054688 0.083594
5 0.616406 0.443750 0.039062 0.056250
8 0.333594 0.449609 0.045312 0.071094
5 0.560937 0.456250 0.034375 0.050000
5 0.507031 0.466797 0.035937 0.046094
5 0.395313 0.473047 0.034375 0.046094
10 0.232031 0.477734 0.082812 0.127344
5 0.657031 0.489453 0.054688 0.066406
5 0.176563 0.513672 0.059375 0.064844
5 0.300000 0.516016 0.053125 0.053906
5 0.368750 0.525000 0.046875 0.068750
5 0.600000 0.532422 0.056250 0.077344
10 0.242188 0.587891 0.109375 0.153906
5 0.684375 0.635547 0.078125 0.108594
5 0.557813 0.642188 0.071875 0.100000
5 0.339844 0.650000 0.073438 0.087500
5 0.114844 0.652734 0.076563 0.089844
8 0.832031 0.663672 0.101562 0.152344
5 0.052344 0.909766 0.104688 0.178906
5 0.223438 0.934375 0.153125 0.131250
