5 0.395313 0.329297 0.028125 0.046094
5 0.376563 0.384375 0.050000 0.050000
6 0.305469 0.394922 0.073438 0.102344
5 0.366406 0.428516 0.054688 0.066406
2 0.700781 0.453125 0.129688 0.168750
5 0.602344 0.465234 0.064062 0.083594
2 0.776563 0.481641 0.056250 0.085156
5 0.294531 0.493359 0.107813 0.102344
5 0.515625 0.508984 0.065625 0.089844
5 0.651563 0.553125 0.068750 0.106250
5 0.542188 0.557422 0.084375 0.089844
5 0.817969 0.612500 0.098437 0.125000
6 0.721094 0.645312 0.132812 0.218750
2 0.932813 0.644141 0.134375 0.360156
5 0.290625 0.656250 0.137500 0.162500
5 0.607812 0.663672 0.093750 0.139844
8 0.563281 0.764062 0.120313 0.231250
6 0.886719 0.815625 0.226562 0.368750
