8 0.550781 0.388672 0.045312 0.089844
2 0.638281 0.391797 0.079687 0.083594
8 0.301563 0.392578 0.062500 0.085156
5 0.494531 0.399609 0.035937 0.039844
5 0.568750 0.423438 0.028125 0.050000
5 0.499219 0.437109 0.039062 0.046094
5 0.595313 0.453125 0.040625 0.068750
5 0.504687 0.464062 0.037500 0.056250
5 0.520312 0.489063 0.056250 0.056250
5 0.521094 0.496484 0.054688 0.089844
2 0.809375 0.503125 0.212500 0.262500
8 0.621094 0.509766 0.070312 0.141406
5 0.531250 0.527734 0.050000 0.064844
8 0.667188 0.553516 0.106250 0.197656
5 0.558594 0.581641 0.064062 0.116406
5 0.533594 0.628516 0.076563 0.153906
8 0.754687 0.657813 0.071875 0.156250
5 0.582812 0.743359 0.106250 0.171094
2 0.880469 0.771875 0.226562 0.425000
5 0.058594 0.810937 0.117188 0.162500
5 0.622656 0.891016 0.139063 0.216406
