8 0.516406 0.350000 0.023438 0.031250
8 0.499219 0.362891 0.020313 0.028906
5 0.472656 0.364063 0.014063 0.018750
8 0.391406 0.374609 0.023438 0.033594
9 0.543750 0.377734 0.028125 0.046094
5 0.503906 0.387109 0.014063 0.027344
5 0.486719 0.401172 0.020313 0.027344
5 0.370312 0.412109 0.018750 0.021094
5 0.408594 0.416016 0.023438 0.035156
5 0.501563 0.432422 0.025000 0.039844
10 0.328125 0.456250 0.068750 0.112500
5 0.400781 0.459766 0.029687 0.035156
8 0.258594 0.465625 0.042188 0.062500
5 0.388281 0.493359 0.035937 0.039844
5 0.517188 0.501953 0.043750 0.066406
8 0.646875 0.559766 0.090625 0.147656
9 0.189844 0.609375 0.179688 0.268750
5 0.341406 0.625000 0.073438 0.100000
8 0.038281 0.676953 0.076563 0.116406
5 0.295312 0.740625 0.096875 0.125000
10 0.801562 0.762891 0.212500 0.378906
10 0.056250 0.865625 0.112500 0.268750
5 0.259375 0.910937 0.121875 0.162500
