5 0.484375 0.390625 0.015625 0.025000
5 0.321875 0.392578 0.034375 0.035156
5 0.414844 0.408984 0.017188 0.027344
5 0.369531 0.414453 0.023438 0.041406
5 0.404687 0.437891 0.018750 0.035156
5 0.397656 0.456250 0.023438 0.043750
5 0.582031 0.455859 0.035937 0.046094
5 0.507812 0.458984 0.037500 0.052344
5 0.340625 0.464062 0.025000 0.056250
8 0.314844 0.473047 0.057813 0.096094
5 0.401562 0.480859 0.031250 0.058594
10 0.230469 0.481641 0.070312 0.122656
8 0.264844 0.550391 0.070312 0.122656
5 0.641406 0.565625 0.064062 0.106250
5 0.349219 0.571484 0.064062 0.089844
5 0.723437 0.573438 0.075000 0.087500
10 0.106250 0.584766 0.159375 0.197656
5 0.335938 0.642578 0.078125 0.110156
10 0.097656 0.798828 0.195312 0.347656
5 0.807031 0.844922 0.126562 0.164844
5 0.264844 0.857422 0.104688 0.177344
5 0.651563 0.879687 0.143750 0.240625
