3 0.552344 0.371875 0.064062 0.100000
5 0.496875 0.420312 0.040625 0.043750
9 0.672656 0.422266 0.089063 0.128906
11 0.576562 0.440234 0.050000 0.102344
5 0.728906 0.440625 0.029687 0.068750
5 0.508594 0.461328 0.045312 0.060156
5 0.171094 0.478516 0.057813 0.060156
10 0.630469 0.481641 0.092188 0.153906
5 0.341406 0.490234 0.057813 0.064844
5 0.807031 0.512109 0.073438 0.083594
5 0.534375 0.540625 0.065625 0.093750
10 0.717969 0.612109 0.126562 0.227344
12 0.896094 0.740625 0.207813 0.306250
5 0.671875 0.897266 0.146875 0.203906
