9 0.613281 0.432812 0.054688 0.081250
1 0.562500 0.438672 0.062500 0.089844
10 0.328125 0.453516 0.056250 0.078906
5 0.388281 0.471875 0.039062 0.043750
5 0.518750 0.487891 0.037500 0.060156
5 0.383594 0.501953 0.042188 0.041406
8 0.213281 0.503125 0.064062 0.106250
10 0.615625 0.512891 0.075000 0.110156
1 0.269531 0.534766 0.110937 0.147656
5 0.370312 0.550391 0.050000 0.066406
10 0.128125 0.562500 0.093750 0.093750
5 0.338281 0.619922 0.070312 0.077344
5 0.563281 0.643750 0.067187 0.112500
5 0.311719 0.724609 0.095312 0.127344
9 0.117969 0.801953 0.235937 0.378906
