5 0.391406 0.353125 0.026562 0.037500
6 0.307812 0.358984 0.062500 0.096094
8 0.255469 0.374609 0.042188 0.052344
5 0.589063 0.374609 0.028125 0.039844
5 0.543750 0.375391 0.031250 0.047656
10 0.224219 0.403125 0.051562 0.075000
5 0.625781 0.406641 0.045312 0.053906
5 0.499219 0.437109 0.045312 0.058594
10 0.173437 0.443359 0.075000 0.089844
5 0.362500 0.460938 0.043750 0.062500
5 0.597656 0.482812 0.051562 0.068750
9 0.718750 0.482812 0.125000 0.143750
5 0.521094 0.503516 0.057813 0.072656
10 0.162500 0.568359 0.118750 0.177344
5 0.677344 0.581250 0.076563 0.093750
5 0.285938 0.694922 0.096875 0.127344
5 0.783594 0.710547 0.123438 0.158594
10 0.070312 0.762891 0.140625 0.297656
