5 0.416406 0.337109 0.017188 0.021094
5 0.385156 0.356250 0.039062 0.043750
5 0.507031 0.366016 0.029687 0.028906
5 0.531250 0.371875 0.031250 0.037500
5 0.475781 0.376172 0.023438 0.027344
11 0.569531 0.396484 0.039062 0.052344
5 0.492969 0.416797 0.032813 0.046094
5 0.538281 0.419141 0.042188 0.041406
5 0.564844 0.455078 0.045312 0.060156
5 0.505469 0.471484 0.051562 0.058594
5 0.584375 0.503125 0.046875 0.068750
5 0.707031 0.521484 0.029687 0.083594
10 0.653125 0.551953 0.090625 0.191406
5 0.575781 0.691797 0.092188 0.171094
5 0.862500 0.873437 0.228125 0.253125
