9 0.360938 0.310937 0.037500 0.062500
9 0.510938 0.323828 0.037500 0.060156
5 0.392188 0.329688 0.028125 0.037500
9 0.289844 0.337500 0.057813 0.056250
5 0.379688 0.358984 0.034375 0.039844
1 0.321094 0.364063 0.064062 0.081250
5 0.478906 0.368359 0.032813 0.046094
11 0.547656 0.368750 0.042188 0.087500
11 0.251563 0.379688 0.053125 0.075000
11 0.621875 0.401172 0.050000 0.077344
11 0.371875 0.403125 0.043750 0.062500
5 0.228125 0.497266 0.068750 0.085156
5 0.333594 0.519922 0.057813 0.064844
5 0.597656 0.643750 0.092188 0.137500
