2 0.363281 0.291016 0.045312 0.066406
8 0.332031 0.349609 0.054688 0.077344
8 0.383594 0.359766 0.054688 0.085156
2 0.687500 0.398828 0.106250 0.110156
5 0.527344 0.400391 0.051562 0.072656
8 0.590625 0.412891 0.068750 0.103906
5 0.775000 0.464062 0.075000 0.093750
5 0.336719 0.474609 0.064062 0.083594
5 0.630469 0.491797 0.048438 0.108594
5 0.514062 0.514062 0.071875 0.093750
8 0.696094 0.518359 0.126562 0.196094
5 0.900781 0.565625 0.107813 0.100000
5 0.548438 0.591797 0.093750 0.108594
5 0.281250 0.637891 0.125000 0.160156
5 0.578906 0.699609 0.110937 0.171094
2 0.814063 0.705078 0.300000 0.447656
2 0.030469 0.845313 0.054688 0.309375
5 0.628125 0.907813 0.168750 0.184375
