8 0.571875 0.314063 0.053125 0.056250
8 0.323437 0.315625 0.040625 0.062500
8 0.354687 0.325391 0.031250 0.047656
8 0.336719 0.347266 0.032813 0.060156
8 0.603906 0.355859 0.051562 0.058594
5 0.385156 0.366016 0.035937 0.035156
8 0.619531 0.390625 0.073438 0.087500
5 0.503125 0.421875 0.043750 0.025000
8 0.677344 0.426953 0.079687 0.116406
5 0.510156 0.446484 0.064062 0.027344
8 0.512500 0.498047 0.062500 0.083594
8 0.117969 0.503125 0.117188 0.156250
2 0.764062 0.510547 0.100000 0.058594
8 0.614844 0.512500 0.045312 0.125000
8 0.675781 0.546484 0.117188 0.202344
5 0.525781 0.591797 0.095312 0.133594
2 0.913281 0.609766 0.173437 0.216406
8 0.733594 0.631250 0.051562 0.118750
5 0.564844 0.683984 0.095312 0.152344
8 0.063281 0.726562 0.126562 0.156250
2 0.857031 0.734766 0.214062 0.385156
2 0.928906 0.848437 0.142187 0.303125
2 0.164062 0.882812 0.234375 0.234375
5 0.632812 0.907813 0.162500 0.184375
