5 0.331250 0.307812 0.021875 0.031250
5 0.401562 0.308203 0.021875 0.028906
5 0.360156 0.317578 0.023438 0.035156
5 0.509375 0.331250 0.018750 0.025000
5 0.468750 0.333984 0.021875 0.027344
8 0.533594 0.347266 0.017188 0.047656
8 0.251563 0.355859 0.018750 0.002344
5 0.381250 0.362891 0.028125 0.035156
5 0.325781 0.366016 0.032813 0.047656
2 0.643750 0.398828 0.062500 0.135156
2 0.571875 0.399609 0.075000 0.133594
8 0.306250 0.406250 0.053125 0.075000
8 0.257812 0.407813 0.009375 0.006250
2 0.229687 0.409375 0.068750 0.106250
5 0.370312 0.419141 0.037500 0.053906
5 0.691406 0.419922 0.026562 0.052344
2 0.707812 0.430859 0.009375 0.008594
2 0.702344 0.437891 0.014063 0.003906
1 0.512500 0.446875 0.096875 0.162500
8 0.263281 0.453516 0.070312 0.097656
5 0.774219 0.484375 0.045312 0.062500
5 0.728906 0.525000 0.089063 0.118750
8 0.190625 0.560547 0.100000 0.171094
5 0.317969 0.569141 0.079687 0.097656
5 0.059375 0.575391 0.006250 0.016406
5 0.045312 0.624609 0.090625 0.096094
5 0.984375 0.653516 0.031250 0.128906
5 0.906250 0.659766 0.140625 0.210156
8 0.876563 0.715234 0.003125 0.014844
