8 0.280469 0.447266 0.051562 0.072656
1 0.332813 0.450391 0.062500 0.097656
10 0.232813 0.468750 0.059375 0.062500
5 0.388281 0.471875 0.039062 0.043750
5 0.383594 0.501953 0.042188 0.041406
8 0.699219 0.524609 0.079687 0.102344
9 0.265625 0.537500 0.115625 0.156250
10 0.174219 0.539062 0.082812 0.131250
5 0.373437 0.541016 0.050000 0.060156
5 0.127344 0.540625 0.045312 0.056250
5 0.352344 0.587109 0.064062 0.064844
5 0.555469 0.590625 0.073438 0.100000
12 0.693750 0.609375 0.175000 0.262500
5 0.331250 0.648438 0.075000 0.100000
10 0.146875 0.722266 0.168750 0.241406
7 0.318750 0.731250 0.093750 0.131250
5 0.592187 0.768750 0.109375 0.168750
5 0.279687 0.900391 0.134375 0.185156
