5 0.500781 0.376563 0.035937 0.031250
9 0.342187 0.390234 0.031250 0.052344
5 0.486719 0.396484 0.020313 0.033594
5 0.413281 0.406250 0.026562 0.037500
9 0.317969 0.412500 0.045312 0.062500
5 0.366406 0.418359 0.023438 0.033594
10 0.274219 0.426172 0.042188 0.052344
5 0.408594 0.440625 0.026562 0.050000
5 0.352344 0.443359 0.029687 0.033594
5 0.387500 0.455859 0.031250 0.046094
10 0.221094 0.482422 0.082812 0.102344
10 0.248438 0.528516 0.115625 0.160156
5 0.381250 0.531641 0.050000 0.072656
5 0.350781 0.590234 0.060937 0.064844
9 0.152344 0.644141 0.214062 0.303906
5 0.326562 0.662109 0.075000 0.114844
5 0.032031 0.701953 0.064062 0.116406
5 0.282031 0.762500 0.126562 0.137500
10 0.057813 0.872266 0.115625 0.253906
5 0.262500 0.911328 0.153125 0.147656
