8 0.361719 0.284766 0.020313 0.028906
8 0.400781 0.300391 0.017188 0.022656
2 0.327344 0.305859 0.035937 0.058594
8 0.357031 0.318750 0.029687 0.050000
8 0.307031 0.329297 0.039062 0.058594
5 0.396875 0.332813 0.021875 0.031250
5 0.383594 0.352734 0.026562 0.033594
2 0.609375 0.367188 0.068750 0.087500
5 0.481250 0.381250 0.034375 0.056250
5 0.366406 0.380859 0.032813 0.046094
8 0.553125 0.387500 0.046875 0.087500
5 0.571094 0.424609 0.032813 0.052344
5 0.486719 0.426953 0.035937 0.066406
2 0.709375 0.438672 0.115625 0.189844
5 0.595313 0.447266 0.043750 0.066406
2 0.239063 0.462500 0.118750 0.206250
5 0.502344 0.462500 0.039062 0.062500
5 0.517188 0.495312 0.059375 0.081250
5 0.345313 0.500000 0.059375 0.087500
8 0.622656 0.509766 0.067187 0.135156
5 0.530469 0.534766 0.064062 0.085156
8 0.667969 0.549609 0.107813 0.202344
8 0.812500 0.554297 0.131250 0.196094
5 0.558594 0.576953 0.070312 0.103906
8 0.535937 0.623047 0.081250 0.158594
8 0.764844 0.650391 0.098437 0.160156
5 0.267188 0.709375 0.115625 0.143750
2 0.863281 0.733984 0.229687 0.389844
5 0.573438 0.742188 0.100000 0.175000
5 0.613281 0.862500 0.135937 0.206250
5 0.642969 0.950391 0.151562 0.097656
