2 0.286719 0.337891 0.054688 0.091406
11 0.596875 0.369922 0.037500 0.064844
5 0.489063 0.387891 0.037500 0.060156
5 0.375781 0.393750 0.042188 0.062500
5 0.304688 0.412891 0.037500 0.047656
2 0.127344 0.476172 0.170313 0.214844
5 0.354687 0.482422 0.053125 0.064844
5 0.597656 0.484766 0.054688 0.072656
5 0.250781 0.508984 0.060937 0.077344
10 0.675781 0.530078 0.110937 0.185156
11 0.812500 0.562500 0.096875 0.125000
4 0.540625 0.565234 0.068750 0.121094
5 0.319531 0.577734 0.073438 0.089844
10 0.756250 0.645312 0.131250 0.181250
5 0.602344 0.778125 0.107813 0.175000
2 0.063281 0.801562 0.126562 0.381250
5 0.191406 0.907813 0.167187 0.184375
