5 0.235156 0.404687 0.048438 0.062500
5 0.346875 0.431250 0.043750 0.043750
2 0.680469 0.440234 0.064062 0.127344
5 0.246875 0.490625 0.056250 0.081250
2 0.742188 0.495312 0.103125 0.156250
5 0.621094 0.496875 0.057813 0.125000
5 0.335156 0.512500 0.064062 0.062500
5 0.531250 0.518359 0.068750 0.071094
2 0.671094 0.570312 0.104688 0.193750
8 0.529687 0.595313 0.087500 0.143750
2 0.756250 0.649609 0.084375 0.158594
5 0.578906 0.698047 0.101562 0.108594
2 0.865625 0.720703 0.231250 0.378906
5 0.614844 0.834375 0.107813 0.162500
2 0.923438 0.841016 0.143750 0.303906
5 0.640625 0.942578 0.143750 0.097656
