9 0.612500 0.365234 0.053125 0.089844
3 0.558594 0.379688 0.064062 0.100000
5 0.501563 0.426953 0.050000 0.053906
9 0.685156 0.437109 0.095312 0.146094
5 0.207031 0.448828 0.057813 0.060156
5 0.356250 0.450391 0.050000 0.060156
11 0.590625 0.455078 0.050000 0.097656
5 0.764844 0.472266 0.057813 0.078906
5 0.514844 0.487500 0.057813 0.075000
10 0.650000 0.505859 0.096875 0.177344
5 0.881250 0.564063 0.093750 0.106250
5 0.551562 0.584375 0.078125 0.106250
10 0.759375 0.658984 0.159375 0.277344
5 0.191406 0.908203 0.151562 0.178906
