5 0.542969 0.379688 0.023438 0.037500
5 0.360156 0.381641 0.032813 0.041406
5 0.511719 0.384766 0.023438 0.028906
5 0.489063 0.403125 0.031250 0.043750
8 0.565625 0.405859 0.034375 0.046094
5 0.375000 0.412500 0.018750 0.025000
5 0.406250 0.417187 0.031250 0.037500
5 0.533594 0.418359 0.029687 0.046094
5 0.359375 0.433203 0.025000 0.041406
5 0.334375 0.444922 0.050000 0.064844
5 0.410156 0.449609 0.029687 0.058594
5 0.561719 0.453516 0.051562 0.066406
10 0.256250 0.456250 0.068750 0.118750
5 0.506250 0.464453 0.059375 0.053906
8 0.316406 0.484375 0.067187 0.087500
5 0.641406 0.484766 0.057813 0.078906
5 0.383594 0.502734 0.070312 0.071094
5 0.604688 0.522266 0.056250 0.091406
10 0.164844 0.534766 0.129688 0.160156
5 0.371875 0.549609 0.065625 0.077344
5 0.050781 0.604297 0.101562 0.096094
5 0.557813 0.603516 0.106250 0.141406
5 0.078906 0.671484 0.057813 0.096094
5 0.322656 0.672266 0.082812 0.128906
10 0.153906 0.709375 0.198437 0.262500
5 0.943750 0.900391 0.112500 0.197656
5 0.055469 0.935937 0.110937 0.128125
