8 0.266406 0.455078 0.051562 0.072656
1 0.321094 0.468359 0.067187 0.102344
5 0.388281 0.471875 0.039062 0.043750
10 0.217969 0.484766 0.067187 0.066406
12 0.601562 0.485547 0.093750 0.146094
5 0.383594 0.501953 0.042188 0.041406
5 0.514844 0.507422 0.051562 0.064844
5 0.370312 0.544141 0.050000 0.060156
9 0.240625 0.575391 0.134375 0.166406
10 0.132031 0.578516 0.095312 0.153906
5 0.350781 0.596484 0.064062 0.064844
5 0.331250 0.648438 0.075000 0.100000
7 0.315625 0.743750 0.093750 0.131250
1 0.774219 0.781250 0.320312 0.437500
10 0.089844 0.839063 0.179688 0.321875
5 0.250781 0.941016 0.154688 0.116406
