5 0.416406 0.428125 0.039062 0.050000
8 0.590625 0.427734 0.040625 0.046094
5 0.555469 0.433203 0.035937 0.041406
8 0.343750 0.440234 0.046875 0.077344
5 0.499219 0.440625 0.042188 0.043750
10 0.264844 0.446875 0.082812 0.106250
5 0.559375 0.462109 0.037500 0.046094
5 0.389062 0.471875 0.065625 0.050000
8 0.321875 0.476562 0.056250 0.081250
10 0.188281 0.506641 0.154688 0.141406
5 0.614844 0.525000 0.070312 0.081250
5 0.381250 0.526172 0.056250 0.064844
5 0.127344 0.546484 0.051562 0.071094
5 0.539062 0.556641 0.065625 0.097656
5 0.777344 0.606641 0.098437 0.122656
5 0.146094 0.609375 0.082812 0.100000
5 0.337500 0.617188 0.078125 0.112500
10 0.177344 0.668750 0.157812 0.243750
5 0.722656 0.693359 0.101562 0.164844
5 0.029687 0.695312 0.056250 0.143750
5 0.053125 0.883984 0.106250 0.164844
5 0.268750 0.934766 0.181250 0.128906
5 0.704688 0.973437 0.118750 0.053125
