10 0.550781 0.368750 0.051562 0.087500
10 0.313281 0.380078 0.045312 0.072656
5 0.373437 0.396875 0.043750 0.043750
5 0.492188 0.408203 0.034375 0.041406
2 0.189062 0.419141 0.118750 0.166406
5 0.282031 0.437500 0.048438 0.056250
9 0.709375 0.445312 0.100000 0.181250
5 0.351562 0.450000 0.040625 0.056250
5 0.500781 0.459766 0.048438 0.066406
12 0.639844 0.480078 0.142187 0.222656
8 0.188281 0.527734 0.076563 0.083594
5 0.535156 0.547266 0.070312 0.103906
7 0.274219 0.693359 0.129688 0.183594
5 0.104688 0.709375 0.112500 0.106250
