5 0.364063 0.418750 0.031250 0.043750
8 0.541406 0.421484 0.042188 0.071094
5 0.406250 0.423438 0.034375 0.037500
5 0.586719 0.432422 0.029687 0.039844
5 0.307812 0.434766 0.040625 0.047656
5 0.342187 0.453125 0.040625 0.043750
5 0.404687 0.459375 0.037500 0.043750
5 0.503125 0.465625 0.040625 0.056250
8 0.632031 0.468359 0.064062 0.089844
5 0.574219 0.481641 0.042188 0.060156
5 0.255469 0.484375 0.048438 0.050000
5 0.328125 0.484375 0.037500 0.043750
5 0.382812 0.506250 0.046875 0.050000
5 0.307812 0.519141 0.053125 0.066406
9 0.145313 0.551562 0.131250 0.181250
5 0.374219 0.553125 0.048438 0.062500
10 0.247656 0.559375 0.101562 0.131250
5 0.535156 0.583203 0.057813 0.078906
5 0.385156 0.597266 0.064062 0.085156
5 0.790625 0.634375 0.093750 0.112500
10 0.196875 0.634375 0.118750 0.156250
9 0.039844 0.674609 0.079687 0.189844
5 0.307812 0.684766 0.096875 0.103906
8 0.766406 0.742188 0.148438 0.225000
5 0.621875 0.787891 0.112500 0.178906
5 0.289844 0.809375 0.104688 0.131250
9 0.096875 0.825391 0.193750 0.347656
5 0.232813 0.934375 0.162500 0.131250
