8 0.332813 0.304688 0.031250 0.050000
5 0.401562 0.304688 0.021875 0.025000
2 0.580469 0.309766 0.057813 0.066406
5 0.368750 0.315234 0.034375 0.046094
5 0.475000 0.343750 0.034375 0.031250
6 0.521875 0.347266 0.053125 0.066406
5 0.382031 0.355859 0.035937 0.046094
5 0.473438 0.368750 0.034375 0.037500
5 0.482812 0.400000 0.040625 0.056250
2 0.584375 0.409375 0.093750 0.162500
5 0.642969 0.430859 0.048438 0.071094
1 0.705469 0.450000 0.110937 0.181250
5 0.503125 0.476562 0.050000 0.068750
5 0.542188 0.585547 0.081250 0.108594
6 0.886719 0.609375 0.201563 0.218750
5 0.275000 0.623828 0.109375 0.135156
5 0.619531 0.801172 0.126562 0.202344
5 0.034375 0.895312 0.068750 0.209375
5 0.919531 0.900391 0.160938 0.197656
