8 0.334375 0.342187 0.050000 0.075000
1 0.479687 0.350000 0.056250 0.081250
5 0.382812 0.371484 0.034375 0.046094
8 0.278125 0.374609 0.050000 0.071094
5 0.486719 0.401172 0.042188 0.052344
5 0.365625 0.410547 0.043750 0.046094
2 0.589063 0.420312 0.096875 0.156250
2 0.702344 0.445312 0.110937 0.156250
5 0.243750 0.481250 0.062500 0.068750
8 0.193750 0.550000 0.093750 0.143750
5 0.331250 0.551953 0.065625 0.091406
5 0.535937 0.560547 0.068750 0.108594
8 0.882031 0.594141 0.164062 0.197656
8 0.044531 0.612500 0.089063 0.187500
5 0.719531 0.625391 0.098437 0.141406
1 0.878906 0.801562 0.242188 0.396875
5 0.726562 0.915625 0.184375 0.168750
