2 0.284375 0.344922 0.062500 0.102344
5 0.347656 0.353516 0.023438 0.035156
5 0.385937 0.362500 0.025000 0.031250
5 0.486719 0.380859 0.035937 0.046094
2 0.300781 0.381641 0.067187 0.097656
5 0.361719 0.412891 0.035937 0.047656
12 0.614844 0.446484 0.104688 0.183594
11 0.676562 0.447266 0.056250 0.085156
5 0.343750 0.475000 0.056250 0.062500
3 0.534375 0.481250 0.106250 0.187500
5 0.234375 0.498828 0.062500 0.072656
11 0.751563 0.510938 0.090625 0.137500
8 0.075000 0.543750 0.109375 0.150000
5 0.289844 0.651172 0.092188 0.114844
5 0.596875 0.668750 0.106250 0.162500
8 0.098437 0.723047 0.109375 0.158594
5 0.209375 0.925391 0.162500 0.147656
