5 0.516406 0.400391 0.032813 0.047656
9 0.321094 0.408984 0.048438 0.071094
10 0.283594 0.425000 0.048438 0.062500
5 0.354687 0.440234 0.025000 0.033594
5 0.505469 0.441016 0.042188 0.047656
5 0.399219 0.450391 0.039062 0.047656
10 0.242188 0.465625 0.081250 0.093750
5 0.384375 0.522266 0.050000 0.085156
10 0.261719 0.525391 0.107813 0.160156
5 0.357812 0.584766 0.065625 0.085156
9 0.158594 0.655859 0.229687 0.321094
5 0.047656 0.668750 0.067187 0.106250
5 0.325781 0.674609 0.104688 0.121094
5 0.297656 0.758203 0.120313 0.128906
10 0.060156 0.862891 0.120313 0.272656
5 0.262500 0.915234 0.159375 0.152344
