9 0.353125 0.317188 0.037500 0.062500
9 0.504687 0.321875 0.037500 0.062500
5 0.394531 0.330859 0.020313 0.033594
9 0.291406 0.332813 0.057813 0.056250
5 0.380469 0.356250 0.026562 0.031250
3 0.321094 0.364063 0.064062 0.081250
11 0.542969 0.363672 0.039062 0.077344
5 0.478906 0.368359 0.032813 0.046094
11 0.245312 0.379297 0.040625 0.071094
11 0.614062 0.393359 0.050000 0.077344
11 0.362500 0.410938 0.043750 0.062500
5 0.216406 0.517578 0.070312 0.085156
5 0.325000 0.541797 0.059375 0.071094
5 0.583594 0.612891 0.073438 0.122656
5 0.709375 0.616016 0.090625 0.103906
5 0.046094 0.895703 0.092188 0.191406
