8 0.292969 0.431641 0.051562 0.072656
1 0.334375 0.444141 0.062500 0.097656
10 0.254688 0.460938 0.059375 0.062500
5 0.388281 0.471875 0.039062 0.043750
5 0.582031 0.486328 0.042188 0.072656
5 0.519531 0.500391 0.045312 0.060156
5 0.383594 0.501953 0.042188 0.041406
10 0.198437 0.515234 0.071875 0.108594
9 0.275781 0.516797 0.092188 0.133594
5 0.373437 0.541016 0.050000 0.060156
5 0.352344 0.587109 0.064062 0.064844
5 0.331250 0.648438 0.075000 0.100000
10 0.192188 0.655078 0.140625 0.197656
8 0.903125 0.681641 0.178125 0.191406
9 0.058594 0.689453 0.117188 0.328906
7 0.329688 0.726562 0.093750 0.131250
12 0.854688 0.816016 0.290625 0.366406
5 0.291406 0.862500 0.126562 0.156250
