5 0.308594 0.407813 0.026562 0.031250
5 0.544531 0.416797 0.026562 0.033594
5 0.495312 0.418750 0.025000 0.037500
5 0.362500 0.428516 0.025000 0.035156
5 0.407031 0.434375 0.026562 0.037500
5 0.344531 0.458984 0.029687 0.052344
5 0.398438 0.467578 0.034375 0.047656
5 0.575000 0.475391 0.043750 0.066406
5 0.628906 0.474609 0.045312 0.058594
8 0.310156 0.483984 0.057813 0.096094
10 0.221875 0.497266 0.087500 0.153906
5 0.400000 0.500391 0.040625 0.060156
5 0.531250 0.558984 0.062500 0.083594
5 0.631250 0.573047 0.062500 0.071094
8 0.250781 0.575391 0.092188 0.141406
5 0.338281 0.600000 0.070312 0.081250
10 0.085156 0.612891 0.170313 0.222656
5 0.328125 0.685937 0.078125 0.100000
10 0.096094 0.816016 0.192188 0.335156
5 0.253906 0.909375 0.135937 0.181250
