10 0.521094 0.379297 0.039062 0.071094
5 0.582031 0.403516 0.026562 0.035156
5 0.489844 0.409375 0.029687 0.037500
5 0.405469 0.421484 0.023438 0.033594
11 0.343750 0.449609 0.034375 0.046094
5 0.506250 0.451172 0.034375 0.052344
10 0.246875 0.459375 0.056250 0.106250
10 0.283594 0.503125 0.082812 0.131250
10 0.710938 0.527734 0.087500 0.152344
5 0.369531 0.530859 0.048438 0.064844
10 0.101562 0.580078 0.121875 0.172656
5 0.571875 0.691016 0.078125 0.135156
10 0.070312 0.820312 0.140625 0.359375
4 0.857031 0.882812 0.167187 0.234375
