9 0.325000 0.403516 0.050000 0.066406
10 0.289844 0.420703 0.042188 0.066406
5 0.537500 0.429297 0.034375 0.046094
5 0.360156 0.430859 0.026562 0.033594
5 0.399219 0.440625 0.029687 0.043750
10 0.248438 0.453516 0.075000 0.085156
5 0.385937 0.508984 0.037500 0.058594
10 0.264844 0.512500 0.107813 0.150000
5 0.543750 0.516016 0.056250 0.072656
5 0.362500 0.562500 0.050000 0.075000
9 0.155469 0.650000 0.217188 0.325000
5 0.332813 0.656641 0.087500 0.122656
5 0.291406 0.750391 0.107813 0.141406
10 0.060937 0.862500 0.121875 0.275000
5 0.264844 0.906641 0.139063 0.166406
