10 0.337500 0.435937 0.056250 0.062500
5 0.507031 0.459375 0.039062 0.056250
5 0.388281 0.471875 0.039062 0.043750
9 0.685937 0.483984 0.096875 0.108594
8 0.235937 0.491016 0.059375 0.091406
5 0.383594 0.501953 0.042188 0.041406
1 0.292969 0.506250 0.089063 0.131250
10 0.169531 0.531641 0.085938 0.078906
5 0.370312 0.544141 0.050000 0.060156
5 0.541406 0.575000 0.057813 0.093750
5 0.349219 0.601172 0.064062 0.064844
1 0.739844 0.619922 0.189062 0.252344
10 0.059375 0.666016 0.118750 0.197656
5 0.324219 0.671875 0.085938 0.106250
9 0.149219 0.698828 0.220312 0.297656
5 0.657031 0.850000 0.120313 0.200000
7 0.282031 0.876563 0.129688 0.193750
