1 0.318750 0.362891 0.075000 0.085156
5 0.369531 0.401953 0.057813 0.053906
2 0.701562 0.443750 0.075000 0.125000
5 0.338281 0.483203 0.060937 0.078906
2 0.617188 0.494922 0.078125 0.102344
2 0.509375 0.529297 0.056250 0.083594
2 0.674219 0.540234 0.098437 0.171094
5 0.536719 0.584766 0.082812 0.110156
2 0.025781 0.618359 0.051562 0.221094
2 0.121875 0.625000 0.153125 0.225000
2 0.742188 0.631641 0.093750 0.147656
5 0.558594 0.675000 0.095312 0.150000
2 0.851562 0.703125 0.193750 0.325000
8 0.271875 0.724609 0.143750 0.183594
2 0.914062 0.826562 0.171875 0.346875
5 0.710938 0.835547 0.140625 0.258594
5 0.580469 0.922266 0.120313 0.153906
