5 0.576562 0.356250 0.046875 0.056250
5 0.535156 0.374609 0.029687 0.039844
5 0.600000 0.391016 0.034375 0.041406
8 0.635938 0.396484 0.043750 0.058594
5 0.495312 0.425391 0.037500 0.053906
5 0.567187 0.426172 0.037500 0.052344
2 0.726562 0.459766 0.140625 0.210156
5 0.521094 0.487500 0.060937 0.087500
6 0.097656 0.496484 0.107813 0.127344
2 0.629687 0.500391 0.115625 0.160156
5 0.552344 0.613672 0.076563 0.127344
5 0.921875 0.727734 0.140625 0.133594
5 0.608594 0.806641 0.126562 0.197656
5 0.868750 0.900391 0.165625 0.191406
