10 0.271875 0.349609 0.056250 0.089844
5 0.386719 0.360547 0.029687 0.033594
5 0.327344 0.375000 0.032813 0.043750
10 0.293750 0.406250 0.056250 0.093750
9 0.664062 0.409766 0.078125 0.147656
5 0.492188 0.412891 0.034375 0.047656
12 0.600000 0.430859 0.106250 0.164844
5 0.359375 0.448047 0.050000 0.058594
2 0.128125 0.462891 0.168750 0.216406
5 0.509375 0.466016 0.050000 0.072656
5 0.245312 0.498047 0.062500 0.071094
5 0.328125 0.522266 0.056250 0.072656
8 0.091406 0.666016 0.117188 0.135156
5 0.574219 0.703516 0.101562 0.147656
9 0.859375 0.742188 0.281250 0.475000
