11 0.545312 0.429297 0.034375 0.046094
5 0.303906 0.441016 0.032813 0.041406
5 0.342187 0.451562 0.031250 0.043750
5 0.391406 0.459375 0.039062 0.043750
11 0.267969 0.472266 0.048438 0.060156
5 0.326562 0.476172 0.040625 0.039844
5 0.395313 0.491016 0.043750 0.041406
5 0.523438 0.499609 0.050000 0.052344
5 0.313281 0.503516 0.039062 0.041406
5 0.304688 0.531641 0.040625 0.066406
5 0.375781 0.534375 0.051562 0.056250
5 0.200781 0.539062 0.045312 0.056250
11 0.646094 0.549609 0.079687 0.139844
11 0.246094 0.562500 0.092188 0.125000
5 0.374219 0.569141 0.048438 0.053906
5 0.547656 0.569922 0.060937 0.089844
10 0.093750 0.577734 0.153125 0.171094
5 0.382031 0.612891 0.067187 0.085156
11 0.194531 0.643359 0.120313 0.164844
10 0.035156 0.684375 0.070312 0.187500
5 0.310937 0.694141 0.093750 0.110156
5 0.291406 0.808984 0.104688 0.127344
10 0.091406 0.828516 0.182812 0.341406
5 0.228125 0.941016 0.150000 0.116406
