2 0.379688 0.287109 0.025000 0.039844
7 0.409375 0.294141 0.021875 0.028906
8 0.342187 0.298828 0.025000 0.035156
5 0.401562 0.305078 0.018750 0.022656
5 0.388281 0.331641 0.026562 0.035156
2 0.282031 0.342578 0.057813 0.085156
8 0.375000 0.365234 0.031250 0.046094
8 0.553125 0.387500 0.046875 0.087500
8 0.290625 0.400000 0.056250 0.081250
2 0.679688 0.403125 0.093750 0.143750
5 0.571094 0.424609 0.032813 0.052344
8 0.164844 0.437891 0.095312 0.110156
5 0.595313 0.447266 0.043750 0.066406
5 0.502344 0.462500 0.039062 0.062500
5 0.349219 0.471484 0.054688 0.058594
5 0.517188 0.495312 0.059375 0.081250
8 0.742188 0.497266 0.115625 0.172656
8 0.622656 0.509766 0.067187 0.135156
5 0.835938 0.528516 0.068750 0.072656
5 0.530469 0.534766 0.064062 0.085156
8 0.667969 0.549609 0.107813 0.202344
5 0.558594 0.576953 0.070312 0.103906
5 0.300000 0.616016 0.084375 0.110156
8 0.535937 0.623047 0.081250 0.158594
8 0.764844 0.650391 0.098437 0.160156
2 0.863281 0.733984 0.229687 0.389844
5 0.573438 0.742188 0.100000 0.175000
5 0.613281 0.862500 0.135937 0.206250
5 0.642969 0.950391 0.151562 0.097656
