8 0.328125 0.416016 0.031250 0.047656
5 0.364844 0.425000 0.032813 0.037500
5 0.410156 0.429297 0.029687 0.033594
5 0.500781 0.437891 0.032813 0.047656
5 0.279687 0.445703 0.028125 0.041406
5 0.606250 0.453516 0.037500 0.047656
5 0.340625 0.462109 0.031250 0.046094
5 0.391406 0.477734 0.035937 0.046094
5 0.325000 0.489063 0.037500 0.056250
10 0.185156 0.516016 0.107813 0.141406
8 0.276562 0.523828 0.075000 0.110156
5 0.378125 0.523828 0.043750 0.060156
5 0.535156 0.528516 0.054688 0.078906
5 0.392188 0.554297 0.056250 0.071094
5 0.635156 0.559375 0.060937 0.075000
8 0.196875 0.645312 0.125000 0.181250
5 0.321094 0.654687 0.082812 0.112500
10 0.050000 0.662109 0.100000 0.221094
8 0.822656 0.684766 0.192188 0.253906
5 0.293750 0.803125 0.106250 0.118750
10 0.091406 0.828516 0.182812 0.341406
5 0.228906 0.937891 0.154688 0.122656
