5 0.325781 0.384766 0.051562 0.072656
2 0.664062 0.408984 0.075000 0.089844
2 0.175000 0.431250 0.062500 0.106250
5 0.591406 0.441016 0.039062 0.053906
5 0.507812 0.449609 0.043750 0.039844
5 0.282031 0.465625 0.060937 0.081250
5 0.521094 0.489063 0.064062 0.068750
8 0.620313 0.503125 0.096875 0.131250
5 0.719531 0.520312 0.067187 0.131250
5 0.531250 0.530078 0.059375 0.097656
8 0.692187 0.580859 0.109375 0.202344
2 0.905469 0.590234 0.189062 0.296094
8 0.539844 0.642578 0.082812 0.160156
5 0.546875 0.651563 0.090625 0.143750
8 0.866406 0.797266 0.154688 0.228906
5 0.600000 0.818359 0.112500 0.221094
5 0.191406 0.901563 0.160938 0.181250
