5 0.490625 0.365234 0.021875 0.027344
5 0.482812 0.387891 0.021875 0.028906
10 0.269531 0.425000 0.048438 0.050000
5 0.350781 0.446875 0.026562 0.037500
10 0.210156 0.473438 0.085938 0.087500
5 0.403125 0.473828 0.059375 0.060156
10 0.250000 0.526172 0.128125 0.152344
5 0.381250 0.531250 0.059375 0.062500
5 0.358594 0.588672 0.064062 0.077344
9 0.154688 0.637891 0.196875 0.285156
5 0.332031 0.650000 0.079687 0.106250
5 0.032031 0.713672 0.060937 0.089844
5 0.289844 0.750391 0.104688 0.116406
10 0.047656 0.878516 0.095312 0.241406
5 0.265625 0.912500 0.181250 0.175000
