8 0.288281 0.344141 0.042188 0.060156
5 0.375000 0.370312 0.034375 0.043750
2 0.547656 0.378516 0.067187 0.103906
5 0.599219 0.383203 0.039062 0.053906
8 0.628906 0.410938 0.048438 0.062500
5 0.490625 0.411328 0.037500 0.047656
5 0.588281 0.461328 0.057813 0.072656
5 0.678906 0.466797 0.060937 0.071094
5 0.526563 0.498047 0.059375 0.083594
8 0.105469 0.516016 0.098437 0.116406
8 0.759375 0.523828 0.103125 0.147656
5 0.314063 0.554688 0.068750 0.087500
5 0.703906 0.623047 0.107813 0.133594
5 0.556250 0.626563 0.081250 0.106250
