9 0.503125 0.365234 0.025000 0.046094
10 0.350000 0.373828 0.031250 0.047656
5 0.482031 0.394141 0.020313 0.022656
8 0.366406 0.406250 0.029687 0.043750
5 0.400000 0.407813 0.025000 0.018750
8 0.321094 0.414062 0.032813 0.043750
5 0.398438 0.428516 0.028125 0.028906
10 0.349219 0.435937 0.035937 0.062500
5 0.303906 0.437109 0.026562 0.033594
5 0.403125 0.449609 0.031250 0.033594
5 0.239063 0.462109 0.034375 0.033594
5 0.392188 0.469141 0.034375 0.041406
5 0.328125 0.469922 0.037500 0.052344
5 0.271875 0.478516 0.034375 0.041406
5 0.378125 0.494922 0.037500 0.052344
5 0.292969 0.523438 0.048438 0.062500
10 0.164062 0.527734 0.134375 0.152344
5 0.368750 0.534766 0.053125 0.072656
5 0.251563 0.605859 0.062500 0.077344
10 0.058594 0.686328 0.117188 0.260156
5 0.740625 0.706641 0.109375 0.128906
5 0.325781 0.740234 0.089063 0.121094
5 0.126562 0.809375 0.125000 0.162500
5 0.202344 0.968750 0.145313 0.062500
