5 0.332813 0.364063 0.034375 0.043750
5 0.380469 0.365234 0.032813 0.039844
6 0.237500 0.380078 0.062500 0.097656
5 0.314063 0.389453 0.037500 0.041406
8 0.557813 0.392188 0.053125 0.087500
5 0.494531 0.398047 0.035937 0.033594
5 0.635156 0.404687 0.039062 0.050000
5 0.491406 0.422266 0.032813 0.041406
5 0.667188 0.434766 0.050000 0.047656
5 0.584375 0.437500 0.043750 0.050000
5 0.506250 0.453516 0.046875 0.053906
5 0.514844 0.490234 0.045312 0.071094
5 0.332031 0.497266 0.057813 0.060156
6 0.797656 0.527734 0.167187 0.189844
5 0.537500 0.595703 0.075000 0.116406
5 0.705469 0.642188 0.098437 0.125000
8 0.922656 0.704688 0.129688 0.150000
5 0.597656 0.750000 0.101562 0.150000
