8 0.545312 0.421875 0.034375 0.056250
10 0.342969 0.422266 0.054688 0.091406
5 0.404687 0.434375 0.021875 0.031250
9 0.611719 0.437891 0.064062 0.091406
5 0.507031 0.453516 0.032813 0.047656
5 0.393750 0.462891 0.028125 0.035156
9 0.267188 0.521875 0.118750 0.187500
5 0.365625 0.552734 0.062500 0.083594
8 0.122656 0.587891 0.120313 0.116406
5 0.592969 0.610547 0.076563 0.108594
5 0.336719 0.618359 0.070312 0.083594
10 0.116406 0.727734 0.195312 0.252344
5 0.609375 0.778516 0.100000 0.178906
5 0.280469 0.858984 0.120313 0.158594
