9 0.357031 0.415234 0.051562 0.083594
12 0.305469 0.416797 0.060937 0.083594
5 0.400000 0.450000 0.034375 0.037500
5 0.336719 0.473438 0.042188 0.050000
5 0.219531 0.475391 0.026562 0.035156
8 0.253906 0.483984 0.054688 0.077344
5 0.387500 0.490234 0.040625 0.046094
8 0.660156 0.499609 0.057813 0.083594
8 0.186719 0.559375 0.079687 0.100000
7 0.371875 0.559766 0.056250 0.072656
5 0.252344 0.598437 0.070312 0.075000
5 0.343750 0.660937 0.075000 0.100000
5 0.589844 0.734766 0.095312 0.135156
5 0.143750 0.754297 0.103125 0.108594
5 0.264062 0.894141 0.131250 0.172656
