10 0.305469 0.412109 0.048438 0.077344
8 0.338281 0.441797 0.042188 0.058594
5 0.403125 0.451562 0.028125 0.043750
10 0.253125 0.459375 0.078125 0.118750
5 0.635938 0.478516 0.040625 0.053906
5 0.382031 0.480078 0.035937 0.047656
5 0.324219 0.480859 0.035937 0.046094
1 0.587500 0.481641 0.084375 0.128906
5 0.135156 0.544141 0.073438 0.072656
10 0.271875 0.546484 0.090625 0.139844
5 0.723437 0.556250 0.081250 0.087500
5 0.175781 0.563672 0.060937 0.064844
5 0.368750 0.575391 0.059375 0.072656
5 0.583594 0.684766 0.085938 0.141406
5 0.727344 0.703125 0.110937 0.150000
5 0.035156 0.718750 0.070312 0.131250
5 0.896094 0.718750 0.145313 0.137500
5 0.302344 0.733203 0.095312 0.128906
5 0.125000 0.773047 0.121875 0.158594
