9 0.599219 0.344922 0.051562 0.077344
12 0.549219 0.371875 0.067187 0.100000
5 0.478125 0.371875 0.031250 0.043750
10 0.214844 0.386328 0.082812 0.097656
6 0.313281 0.391016 0.051562 0.060156
5 0.357812 0.437891 0.040625 0.053906
5 0.278906 0.448437 0.051562 0.062500
5 0.497656 0.448828 0.048438 0.072656
5 0.197656 0.453125 0.054688 0.050000
9 0.646875 0.474609 0.115625 0.202344
10 0.179688 0.558984 0.109375 0.164844
9 0.835938 0.585938 0.171875 0.187500
5 0.559375 0.641016 0.087500 0.141406
10 0.784375 0.651563 0.162500 0.281250
5 0.260156 0.765625 0.126562 0.156250
