8 0.310937 0.330859 0.034375 0.058594
5 0.345313 0.340234 0.028125 0.039844
5 0.388281 0.349609 0.029687 0.046094
5 0.478906 0.364063 0.042188 0.043750
5 0.355469 0.384766 0.045312 0.053906
5 0.489063 0.404687 0.053125 0.050000
2 0.601562 0.453125 0.081250 0.162500
5 0.512500 0.463672 0.062500 0.064844
5 0.248438 0.465625 0.062500 0.068750
5 0.522656 0.533203 0.073438 0.091406
2 0.835156 0.562109 0.164062 0.208594
2 0.729688 0.587109 0.190625 0.308594
5 0.557813 0.637891 0.106250 0.116406
8 0.088281 0.746484 0.151562 0.252344
5 0.580469 0.754297 0.120313 0.171094
5 0.646875 0.901172 0.162500 0.189844
