10 0.535156 0.358203 0.039062 0.066406
5 0.477344 0.379297 0.032813 0.046094
12 0.612500 0.384766 0.071875 0.078906
5 0.503125 0.391016 0.034375 0.035156
5 0.680469 0.410547 0.048438 0.058594
4 0.494531 0.428516 0.045312 0.091406
5 0.723437 0.439063 0.053125 0.056250
10 0.604688 0.470313 0.078125 0.118750
5 0.519531 0.499609 0.067187 0.089844
10 0.722656 0.506250 0.085938 0.118750
5 0.676562 0.592187 0.084375 0.112500
11 0.835156 0.595703 0.104688 0.128906
5 0.555469 0.626563 0.095312 0.131250
8 0.103906 0.680859 0.167187 0.239844
