2 0.340625 0.345703 0.037500 0.066406
5 0.378906 0.380859 0.032813 0.039844
5 0.541406 0.381250 0.035937 0.050000
11 0.607812 0.384375 0.043750 0.068750
5 0.310937 0.389062 0.034375 0.043750
11 0.250000 0.391797 0.053125 0.071094
5 0.489063 0.405078 0.034375 0.047656
5 0.574219 0.418750 0.042188 0.062500
11 0.192188 0.419922 0.068750 0.102344
5 0.364063 0.431250 0.050000 0.050000
5 0.673438 0.450391 0.053125 0.066406
5 0.513281 0.483984 0.054688 0.096094
5 0.346094 0.487500 0.054688 0.068750
11 0.632031 0.496875 0.070312 0.112500
11 0.203906 0.512891 0.095312 0.135156
5 0.535937 0.557422 0.068750 0.102344
11 0.841406 0.575000 0.035937 0.131250
11 0.035937 0.598828 0.071875 0.160156
5 0.289844 0.660937 0.085938 0.112500
12 0.794531 0.680859 0.260937 0.427344
