9 0.579688 0.406641 0.043750 0.066406
5 0.489063 0.407422 0.021875 0.039844
10 0.336719 0.431250 0.064062 0.093750
5 0.406250 0.440625 0.025000 0.031250
5 0.537500 0.463672 0.034375 0.052344
5 0.393750 0.474609 0.034375 0.039844
5 0.517969 0.501563 0.039062 0.068750
9 0.242969 0.551562 0.142187 0.206250
5 0.357031 0.575000 0.067187 0.087500
8 0.094531 0.628125 0.135937 0.156250
5 0.325781 0.660937 0.079687 0.100000
5 0.601562 0.683984 0.087500 0.133594
10 0.089844 0.813672 0.179688 0.314844
5 0.269531 0.900000 0.132812 0.168750
