8 0.299219 0.337500 0.032813 0.050000
2 0.617188 0.365234 0.065625 0.108594
5 0.334375 0.366016 0.028125 0.041406
5 0.475781 0.368750 0.029687 0.031250
2 0.550781 0.383984 0.057813 0.083594
5 0.491406 0.386328 0.039062 0.047656
5 0.494531 0.425391 0.039062 0.041406
5 0.597656 0.468359 0.048438 0.058594
5 0.511719 0.486328 0.051562 0.072656
5 0.224219 0.523438 0.064062 0.087500
5 0.810156 0.574609 0.051562 0.089844
2 0.747656 0.612891 0.235937 0.397656
1 0.918750 0.703125 0.162500 0.368750
5 0.582031 0.710547 0.095312 0.146094
5 0.264062 0.755078 0.106250 0.135156
