5 0.311719 0.433984 0.029687 0.039844
5 0.348438 0.443750 0.031250 0.043750
5 0.395313 0.452734 0.037500 0.039844
11 0.557813 0.452734 0.040625 0.052344
11 0.276562 0.462109 0.046875 0.052344
5 0.328906 0.470703 0.039062 0.041406
5 0.397656 0.487109 0.042188 0.039844
5 0.315625 0.503516 0.043750 0.047656
5 0.210938 0.523047 0.040625 0.046094
5 0.377344 0.531250 0.048438 0.056250
5 0.304688 0.531641 0.040625 0.066406
11 0.246875 0.566797 0.084375 0.121094
5 0.371875 0.570703 0.046875 0.053906
10 0.095312 0.577734 0.153125 0.171094
5 0.382031 0.612500 0.067187 0.087500
11 0.196094 0.641016 0.117188 0.160156
10 0.035156 0.684375 0.070312 0.187500
5 0.310937 0.693750 0.093750 0.106250
11 0.758594 0.708203 0.129688 0.228906
5 0.291406 0.809375 0.104688 0.125000
10 0.091406 0.828516 0.182812 0.341406
