10 0.353125 0.365234 0.031250 0.046094
10 0.331250 0.396875 0.043750 0.068750
5 0.423438 0.405859 0.021875 0.027344
5 0.403906 0.409766 0.023438 0.028906
5 0.292969 0.412500 0.032813 0.037500
8 0.362500 0.412500 0.037500 0.050000
5 0.396875 0.431641 0.031250 0.035156
8 0.571094 0.445312 0.054688 0.093750
10 0.341406 0.450391 0.048438 0.078906
5 0.399219 0.452734 0.035937 0.046094
8 0.269531 0.465625 0.060937 0.087500
5 0.390625 0.474609 0.040625 0.046094
5 0.309375 0.497266 0.046875 0.066406
5 0.368750 0.531250 0.053125 0.068750
5 0.622656 0.540625 0.067187 0.087500
5 0.204687 0.541797 0.059375 0.071094
5 0.269531 0.569141 0.060937 0.078906
5 0.667188 0.641016 0.096875 0.116406
5 0.031250 0.662891 0.062500 0.091406
5 0.625000 0.742188 0.109375 0.175000
5 0.157031 0.751563 0.117188 0.156250
5 0.224219 0.918750 0.170313 0.162500
