11 0.551562 0.440234 0.034375 0.046094
11 0.274219 0.466016 0.048438 0.060156
5 0.326562 0.474609 0.040625 0.039844
5 0.395313 0.492188 0.040625 0.050000
5 0.314844 0.502734 0.042188 0.039844
5 0.209375 0.527734 0.040625 0.046094
5 0.533594 0.528125 0.054688 0.062500
5 0.304688 0.531641 0.040625 0.066406
5 0.377344 0.532813 0.048438 0.056250
11 0.246094 0.562500 0.092188 0.125000
5 0.373437 0.570312 0.050000 0.056250
10 0.095312 0.577734 0.153125 0.171094
11 0.690625 0.612891 0.093750 0.166406
5 0.382031 0.612891 0.067187 0.085156
5 0.560937 0.618359 0.071875 0.108594
11 0.196094 0.641016 0.117188 0.160156
10 0.035156 0.684375 0.070312 0.187500
5 0.312500 0.691016 0.090625 0.103906
5 0.293750 0.809375 0.100000 0.125000
10 0.091406 0.828516 0.182812 0.341406
