5 0.358594 0.386328 0.029687 0.035156
5 0.485156 0.398828 0.035937 0.035156
8 0.558594 0.400391 0.029687 0.041406
5 0.376563 0.407422 0.031250 0.027344
5 0.526563 0.408203 0.028125 0.041406
5 0.405469 0.423047 0.029687 0.033594
5 0.359375 0.433203 0.025000 0.041406
5 0.500000 0.437500 0.040625 0.050000
5 0.550781 0.437500 0.035937 0.050000
5 0.410156 0.450000 0.029687 0.037500
5 0.617969 0.450000 0.064062 0.075000
8 0.334375 0.452734 0.056250 0.089844
10 0.253125 0.462500 0.062500 0.112500
5 0.578906 0.490234 0.064062 0.064844
8 0.304688 0.495703 0.059375 0.078906
5 0.374219 0.505078 0.070312 0.060156
5 0.532813 0.542578 0.075000 0.110156
10 0.159375 0.546484 0.140625 0.183594
5 0.367969 0.565625 0.067187 0.075000
5 0.043750 0.640234 0.087500 0.096094
5 0.076563 0.677734 0.093750 0.121094
5 0.311719 0.694141 0.082812 0.128906
10 0.148438 0.724609 0.196875 0.277344
5 0.853125 0.759375 0.134375 0.162500
5 0.669531 0.882812 0.148438 0.234375
5 0.046094 0.940625 0.092188 0.118750
