9 0.553906 0.424609 0.054688 0.102344
8 0.600000 0.428516 0.040625 0.078906
5 0.289062 0.441016 0.028125 0.041406
5 0.496875 0.442578 0.025000 0.035156
5 0.339062 0.456641 0.031250 0.041406
9 0.243750 0.480859 0.078125 0.121094
5 0.322656 0.487500 0.042188 0.056250
5 0.523438 0.487891 0.040625 0.060156
5 0.374219 0.513672 0.045312 0.064844
5 0.288281 0.541016 0.051562 0.066406
9 0.143750 0.552734 0.159375 0.177344
5 0.367188 0.581641 0.056250 0.078906
5 0.255469 0.600391 0.067187 0.091406
5 0.564844 0.625000 0.070312 0.106250
5 0.325000 0.675000 0.078125 0.093750
5 0.252344 0.901563 0.154688 0.193750
5 0.699219 0.903516 0.151562 0.191406
