2 0.600781 0.348047 0.067187 0.096094
5 0.385937 0.355859 0.028125 0.046094
2 0.539844 0.366016 0.064062 0.097656
8 0.280469 0.368750 0.051562 0.068750
5 0.313281 0.400000 0.035937 0.056250
5 0.487500 0.400391 0.043750 0.028906
2 0.585938 0.420312 0.090625 0.143750
5 0.360938 0.423047 0.050000 0.046094
5 0.505469 0.438672 0.057813 0.039844
2 0.751563 0.486328 0.134375 0.160156
5 0.511719 0.509766 0.067187 0.085156
2 0.668750 0.521875 0.146875 0.250000
5 0.292969 0.557813 0.089063 0.106250
5 0.535156 0.602734 0.073438 0.114844
8 0.907031 0.672266 0.185938 0.203906
5 0.574219 0.709375 0.110937 0.162500
5 0.082812 0.715625 0.118750 0.118750
5 0.630469 0.847266 0.157812 0.203906
5 0.939063 0.944141 0.121875 0.110156
5 0.689063 0.969141 0.125000 0.060156
