8 0.317969 0.323047 0.032813 0.046094
5 0.388281 0.343750 0.020313 0.025000
2 0.598437 0.345703 0.059375 0.103906
2 0.546094 0.358984 0.064062 0.108594
8 0.265625 0.371484 0.043750 0.058594
8 0.314844 0.372266 0.035937 0.060156
1 0.486719 0.373828 0.057813 0.097656
5 0.371094 0.386328 0.035937 0.047656
5 0.665625 0.389453 0.034375 0.041406
5 0.521094 0.506641 0.060937 0.078906
2 0.680469 0.552734 0.164062 0.277344
2 0.836719 0.570703 0.201563 0.253906
5 0.306250 0.631641 0.084375 0.097656
8 0.128906 0.646875 0.148438 0.175000
