5 0.287500 0.437891 0.028125 0.041406
9 0.571094 0.444141 0.067187 0.122656
5 0.339062 0.456641 0.031250 0.041406
8 0.634375 0.465234 0.056250 0.096094
9 0.243750 0.480859 0.078125 0.121094
5 0.510938 0.481641 0.037500 0.053906
5 0.322656 0.487500 0.042188 0.056250
5 0.374219 0.513672 0.045312 0.064844
5 0.292187 0.536328 0.050000 0.060156
9 0.161719 0.540234 0.151562 0.171094
5 0.555469 0.550391 0.045312 0.078906
5 0.367188 0.576953 0.056250 0.078906
5 0.258594 0.591016 0.067187 0.091406
5 0.329688 0.659375 0.078125 0.093750
5 0.624219 0.810937 0.101562 0.187500
5 0.272656 0.852734 0.139063 0.202344
