5 0.311719 0.325391 0.026562 0.035156
5 0.392969 0.330859 0.026562 0.027344
8 0.349219 0.334766 0.029687 0.047656
2 0.621875 0.366016 0.071875 0.116406
2 0.559375 0.375000 0.068750 0.118750
1 0.502344 0.402734 0.067187 0.121094
5 0.683594 0.403125 0.045312 0.050000
5 0.366406 0.412891 0.042188 0.047656
8 0.295312 0.415625 0.050000 0.062500
2 0.168750 0.455078 0.106250 0.135156
5 0.685156 0.468750 0.057813 0.087500
5 0.778125 0.471875 0.056250 0.031250
8 0.250781 0.483203 0.060937 0.103906
5 0.347656 0.518359 0.060937 0.064844
8 0.792969 0.528516 0.092188 0.097656
8 0.135937 0.578516 0.125000 0.160156
5 0.575781 0.712109 0.098437 0.133594
2 0.873437 0.794141 0.253125 0.410156
