8 0.313281 0.413672 0.032813 0.039844
10 0.596094 0.425000 0.054688 0.093750
8 0.350781 0.425391 0.039062 0.053906
10 0.274219 0.449609 0.045312 0.083594
10 0.326562 0.468359 0.050000 0.071094
5 0.392969 0.483984 0.042188 0.046094
9 0.164062 0.535937 0.128125 0.162500
5 0.376563 0.537891 0.056250 0.066406
9 0.626563 0.537109 0.109375 0.146094
8 0.735156 0.546875 0.089063 0.137500
5 0.291406 0.562891 0.054688 0.066406
5 0.566406 0.660547 0.079687 0.133594
5 0.328125 0.708203 0.100000 0.116406
5 0.879687 0.740625 0.115625 0.156250
12 0.100000 0.812500 0.200000 0.375000
5 0.250000 0.945312 0.146875 0.109375
