5 0.401562 0.304688 0.021875 0.037500
5 0.333594 0.305859 0.035937 0.052344
5 0.363281 0.314063 0.029687 0.043750
5 0.509375 0.336328 0.018750 0.035156
5 0.471094 0.337109 0.026562 0.033594
5 0.513281 0.344922 0.001563 0.002344
8 0.537500 0.347266 0.025000 0.047656
5 0.479687 0.349609 0.009375 0.002344
8 0.251563 0.355859 0.018750 0.002344
5 0.336719 0.356250 0.042188 0.043750
5 0.390625 0.356641 0.046875 0.047656
2 0.237500 0.379297 0.068750 0.121094
8 0.317188 0.396875 0.053125 0.075000
5 0.375000 0.402734 0.046875 0.058594
2 0.650781 0.403125 0.076563 0.143750
8 0.257812 0.407813 0.009375 0.006250
2 0.587500 0.409375 0.068750 0.150000
5 0.705469 0.431250 0.048438 0.075000
2 0.702344 0.437891 0.014063 0.003906
8 0.274219 0.440625 0.057813 0.093750
1 0.514062 0.446875 0.096875 0.162500
5 0.807813 0.505859 0.056250 0.089844
8 0.215625 0.518359 0.100000 0.171094
5 0.324219 0.525391 0.079687 0.135156
5 0.741406 0.534375 0.089063 0.118750
5 0.059375 0.575391 0.006250 0.016406
5 0.085938 0.575000 0.112500 0.150000
5 0.928125 0.687891 0.140625 0.247656
8 0.876563 0.715234 0.003125 0.014844
8 0.044531 0.868750 0.089063 0.262500
5 0.212500 0.903516 0.153125 0.191406
