5 0.364844 0.321875 0.023438 0.031250
5 0.393750 0.330859 0.018750 0.027344
2 0.293750 0.337109 0.059375 0.096094
5 0.352344 0.344922 0.029687 0.039844
5 0.388281 0.354687 0.026562 0.037500
2 0.312500 0.370312 0.056250 0.093750
5 0.372656 0.391016 0.039062 0.047656
5 0.492188 0.397266 0.034375 0.047656
5 0.360156 0.443359 0.045312 0.058594
5 0.267188 0.462109 0.053125 0.064844
11 0.704688 0.479687 0.065625 0.112500
8 0.146094 0.479687 0.085938 0.112500
12 0.643750 0.487109 0.128125 0.233594
3 0.553125 0.541016 0.125000 0.235156
11 0.797656 0.553516 0.098437 0.153906
8 0.053906 0.558203 0.107813 0.191406
5 0.323437 0.559766 0.075000 0.097656
5 0.169531 0.609766 0.082812 0.110156
5 0.277344 0.719141 0.107813 0.135156
5 0.651563 0.830859 0.146875 0.233594
