6 0.332813 0.347266 0.046875 0.041406
10 0.267969 0.351172 0.064062 0.077344
5 0.385156 0.367188 0.029687 0.037500
5 0.324219 0.383203 0.029687 0.041406
5 0.485938 0.394141 0.034375 0.047656
9 0.645312 0.394141 0.071875 0.135156
12 0.583594 0.415234 0.092188 0.146094
10 0.285938 0.418750 0.056250 0.093750
5 0.500781 0.437891 0.045312 0.072656
5 0.350000 0.469141 0.059375 0.066406
2 0.088281 0.497266 0.176563 0.260156
5 0.216406 0.535547 0.076563 0.071094
5 0.310156 0.587500 0.076563 0.100000
5 0.544531 0.613672 0.079687 0.114844
9 0.789844 0.655078 0.217188 0.385156
8 0.042969 0.778125 0.085938 0.187500
