6 0.282031 0.351953 0.054688 0.066406
5 0.387500 0.358203 0.034375 0.053906
5 0.342969 0.370312 0.042188 0.056250
2 0.689063 0.440625 0.121875 0.162500
5 0.600781 0.453125 0.057813 0.075000
5 0.353125 0.455078 0.068750 0.085156
6 0.248438 0.457422 0.090625 0.139844
5 0.515625 0.500000 0.062500 0.081250
5 0.722656 0.510547 0.073438 0.096094
5 0.615625 0.512500 0.065625 0.100000
5 0.331250 0.531250 0.075000 0.100000
5 0.537500 0.548047 0.075000 0.108594
5 0.781250 0.571875 0.100000 0.087500
6 0.664844 0.579297 0.101562 0.183594
5 0.594531 0.637109 0.101562 0.133594
2 0.906250 0.641797 0.187500 0.421094
8 0.548438 0.691016 0.109375 0.216406
6 0.811719 0.741797 0.217188 0.371094
5 0.062500 0.862891 0.125000 0.272656
