5 0.337500 0.377734 0.031250 0.033594
5 0.487500 0.406250 0.034375 0.037500
5 0.372656 0.412109 0.029687 0.039844
5 0.529687 0.412109 0.028125 0.039844
5 0.575000 0.418750 0.040625 0.050000
5 0.415625 0.423047 0.028125 0.033594
5 0.358594 0.437500 0.032813 0.050000
5 0.400781 0.437891 0.032813 0.041406
5 0.548438 0.441016 0.034375 0.060156
8 0.331250 0.462500 0.059375 0.087500
5 0.406250 0.462500 0.046875 0.062500
5 0.507031 0.463672 0.045312 0.064844
10 0.246875 0.470313 0.106250 0.118750
8 0.298438 0.505078 0.068750 0.097656
5 0.360938 0.540625 0.071875 0.087500
10 0.135156 0.566016 0.170313 0.203906
5 0.680469 0.568750 0.067187 0.075000
5 0.357031 0.590625 0.076563 0.093750
5 0.556250 0.595313 0.059375 0.093750
5 0.057813 0.594922 0.084375 0.114844
5 0.045312 0.697266 0.090625 0.135156
5 0.297656 0.753516 0.107813 0.135156
10 0.131250 0.757812 0.225000 0.306250
5 0.921875 0.918750 0.156250 0.162500
5 0.017969 0.967187 0.035937 0.065625
