6 0.289844 0.380078 0.073438 0.110156
5 0.383594 0.384766 0.035937 0.047656
5 0.603125 0.385547 0.040625 0.046094
8 0.227344 0.396875 0.048438 0.056250
5 0.490625 0.409375 0.037500 0.050000
10 0.179688 0.437500 0.062500 0.087500
5 0.576562 0.439453 0.043750 0.053906
9 0.677344 0.444141 0.098437 0.122656
5 0.507031 0.459375 0.048438 0.068750
10 0.104688 0.508203 0.103125 0.128906
5 0.629687 0.512891 0.062500 0.072656
5 0.322656 0.587500 0.076563 0.093750
5 0.701562 0.600000 0.090625 0.118750
10 0.078906 0.743750 0.157812 0.293750
5 0.598437 0.782422 0.115625 0.189844
