5 0.375781 0.376563 0.035937 0.043750
2 0.632031 0.381250 0.076563 0.125000
8 0.315625 0.384375 0.046875 0.056250
2 0.565625 0.384766 0.075000 0.128906
2 0.206250 0.414453 0.087500 0.103906
1 0.507812 0.418750 0.084375 0.137500
8 0.283594 0.430859 0.064062 0.089844
5 0.721875 0.440234 0.053125 0.058594
5 0.361719 0.450000 0.048438 0.056250
2 0.213281 0.487891 0.095312 0.103906
5 0.704688 0.487891 0.068750 0.103906
8 0.843750 0.589063 0.118750 0.181250
8 0.104688 0.667188 0.150000 0.225000
5 0.271094 0.716016 0.114062 0.135156
5 0.621094 0.861328 0.142187 0.197656
