1 0.334375 0.444141 0.062500 0.097656
8 0.280469 0.447266 0.051562 0.072656
5 0.560937 0.451562 0.034375 0.056250
5 0.503125 0.458203 0.031250 0.053906
10 0.248438 0.472266 0.059375 0.072656
5 0.388281 0.471875 0.039062 0.043750
5 0.383594 0.501953 0.042188 0.041406
10 0.182031 0.527734 0.082812 0.114844
9 0.267969 0.528516 0.107813 0.135156
5 0.373437 0.541016 0.050000 0.060156
8 0.750781 0.570312 0.104688 0.131250
5 0.352344 0.587109 0.064062 0.064844
5 0.331250 0.648438 0.075000 0.100000
5 0.582031 0.669141 0.095312 0.141406
12 0.748437 0.685547 0.221875 0.333594
10 0.160938 0.693359 0.146875 0.202344
7 0.323437 0.726562 0.093750 0.131250
5 0.278906 0.890234 0.132812 0.171094
