10 0.310156 0.412500 0.057813 0.087500
5 0.411719 0.417187 0.026562 0.037500
5 0.408594 0.443359 0.029687 0.033594
10 0.575781 0.444922 0.057813 0.102344
9 0.263281 0.451562 0.079687 0.118750
10 0.323437 0.454297 0.062500 0.108594
5 0.503906 0.458203 0.039062 0.053906
5 0.387500 0.487109 0.034375 0.046094
5 0.283594 0.537109 0.054688 0.058594
8 0.196875 0.547266 0.078125 0.103906
5 0.364844 0.554297 0.054688 0.071094
5 0.535156 0.555859 0.051562 0.071094
7 0.350781 0.634375 0.070312 0.100000
8 0.778125 0.641797 0.115625 0.133594
8 0.064062 0.681641 0.128125 0.160156
5 0.312500 0.773047 0.096875 0.133594
5 0.111719 0.831250 0.139063 0.156250
