5 0.405469 0.303125 0.029687 0.037500
1 0.467187 0.330859 0.043750 0.064844
5 0.390625 0.331641 0.034375 0.041406
1 0.516406 0.337500 0.051562 0.081250
5 0.349219 0.340625 0.035937 0.050000
5 0.274219 0.359766 0.060937 0.072656
5 0.469531 0.359375 0.026562 0.031250
2 0.600000 0.367188 0.062500 0.100000
5 0.479687 0.368750 0.034375 0.037500
1 0.549219 0.374609 0.067187 0.108594
5 0.480469 0.395313 0.032813 0.043750
5 0.488281 0.407813 0.032813 0.031250
5 0.553125 0.414062 0.040625 0.043750
5 0.632812 0.415625 0.037500 0.050000
5 0.501563 0.446875 0.046875 0.037500
2 0.719531 0.450000 0.129688 0.168750
5 0.591406 0.469141 0.051562 0.078906
5 0.511719 0.498047 0.057813 0.083594
5 0.635938 0.540234 0.071875 0.089844
5 0.530469 0.562109 0.082812 0.102344
5 0.171875 0.629297 0.093750 0.096094
1 0.857812 0.769141 0.284375 0.460156
5 0.643750 0.885938 0.153125 0.228125
