1 0.352344 0.424609 0.057813 0.077344
8 0.307031 0.428516 0.045312 0.066406
5 0.396094 0.453125 0.039062 0.043750
9 0.310156 0.471484 0.085938 0.114844
10 0.247656 0.480078 0.060937 0.097656
5 0.529687 0.492188 0.046875 0.062500
5 0.389844 0.498437 0.042188 0.050000
5 0.373437 0.541016 0.050000 0.060156
10 0.257812 0.558203 0.090625 0.116406
9 0.106250 0.572266 0.190625 0.235156
5 0.352344 0.587109 0.064062 0.064844
5 0.331250 0.648438 0.075000 0.100000
7 0.328906 0.718359 0.085938 0.127344
5 0.607812 0.747266 0.103125 0.172656
5 0.831250 0.827734 0.143750 0.233594
5 0.290625 0.840625 0.112500 0.150000
