5 0.402344 0.306641 0.023438 0.028906
8 0.321094 0.328516 0.035937 0.053906
5 0.391406 0.332813 0.026562 0.031250
5 0.353125 0.337891 0.028125 0.041406
5 0.360938 0.368359 0.034375 0.046094
2 0.637500 0.374609 0.078125 0.102344
2 0.564063 0.384375 0.071875 0.112500
5 0.275781 0.430859 0.051562 0.077344
5 0.721875 0.441016 0.075000 0.060156
2 0.621875 0.466016 0.118750 0.160156
5 0.510938 0.484375 0.075000 0.081250
5 0.525000 0.544922 0.071875 0.102344
8 0.157812 0.605078 0.128125 0.160156
2 0.742969 0.614062 0.232813 0.331250
2 0.900000 0.618359 0.150000 0.221094
5 0.568750 0.656641 0.109375 0.147656
5 0.594531 0.799609 0.120313 0.183594
5 0.660937 0.906250 0.193750 0.187500
