8 0.344531 0.396875 0.026562 0.037500
7 0.414844 0.400000 0.026562 0.025000
5 0.380469 0.400391 0.029687 0.035156
5 0.374219 0.412109 0.026562 0.033594
5 0.408594 0.428516 0.023438 0.028906
10 0.292969 0.432422 0.042188 0.052344
10 0.347656 0.445312 0.039062 0.056250
5 0.400781 0.459766 0.032813 0.035156
5 0.503906 0.462891 0.039062 0.053906
8 0.247656 0.466797 0.045312 0.071094
8 0.298438 0.496484 0.062500 0.089844
10 0.203125 0.509375 0.075000 0.100000
5 0.367188 0.573438 0.056250 0.075000
10 0.231250 0.604297 0.090625 0.146094
5 0.332031 0.715625 0.089063 0.118750
5 0.110156 0.895703 0.145313 0.141406
