5 0.382812 0.358203 0.040625 0.041406
6 0.324219 0.359375 0.054688 0.093750
5 0.378906 0.383984 0.048438 0.052344
5 0.642969 0.419141 0.039062 0.072656
2 0.702344 0.444141 0.135937 0.160156
5 0.323437 0.453516 0.059375 0.066406
5 0.610938 0.468750 0.075000 0.087500
5 0.517188 0.512109 0.075000 0.096094
5 0.840625 0.528516 0.100000 0.091406
5 0.312500 0.553516 0.093750 0.122656
5 0.540625 0.568750 0.084375 0.106250
5 0.671875 0.578516 0.087500 0.135156
2 0.949219 0.640234 0.101562 0.308594
5 0.842187 0.642188 0.096875 0.125000
6 0.743750 0.693359 0.165625 0.252344
5 0.617969 0.694922 0.104688 0.152344
5 0.078906 0.807813 0.157812 0.193750
8 0.568750 0.840625 0.171875 0.287500
6 0.911719 0.867188 0.176563 0.265625
5 0.175000 0.915625 0.184375 0.168750
