5 0.479687 0.375000 0.028125 0.031250
5 0.491406 0.403516 0.035937 0.041406
9 0.290625 0.433984 0.068750 0.102344
5 0.399219 0.441797 0.029687 0.046094
5 0.354687 0.448437 0.043750 0.050000
10 0.203906 0.469141 0.070312 0.078906
5 0.321875 0.479297 0.043750 0.046094
5 0.381250 0.491016 0.053125 0.053906
8 0.650000 0.491016 0.056250 0.116406
10 0.596875 0.495312 0.065625 0.131250
10 0.248438 0.546875 0.153125 0.187500
5 0.374219 0.548047 0.060937 0.071094
10 0.082031 0.602734 0.164062 0.183594
5 0.349219 0.602734 0.076563 0.077344
5 0.329688 0.658984 0.084375 0.121094
9 0.121875 0.734766 0.240625 0.403906
5 0.295312 0.759375 0.109375 0.156250
5 0.260937 0.903125 0.146875 0.193750
