10 0.334375 0.443750 0.056250 0.062500
9 0.669531 0.468359 0.092188 0.102344
5 0.388281 0.471875 0.039062 0.043750
8 0.229687 0.494141 0.059375 0.091406
5 0.383594 0.501953 0.042188 0.041406
1 0.288281 0.514062 0.089063 0.131250
5 0.528125 0.525000 0.046875 0.075000
10 0.163281 0.537891 0.085938 0.078906
5 0.370312 0.544141 0.050000 0.060156
1 0.675000 0.556641 0.134375 0.191406
5 0.344531 0.608984 0.064062 0.064844
10 0.046094 0.675000 0.092188 0.218750
5 0.321094 0.690625 0.085938 0.106250
5 0.602344 0.702734 0.082812 0.139844
9 0.137500 0.716016 0.237500 0.297656
10 0.873437 0.822266 0.253125 0.353906
7 0.272656 0.900000 0.142187 0.200000
