1 0.516406 0.381250 0.029687 0.037500
5 0.551562 0.393359 0.018750 0.027344
5 0.530469 0.415625 0.023438 0.037500
5 0.579688 0.421484 0.025000 0.033594
5 0.492969 0.423438 0.026562 0.025000
8 0.352344 0.426172 0.035937 0.052344
10 0.283594 0.431250 0.054688 0.081250
5 0.396875 0.442578 0.028125 0.035156
5 0.553906 0.453516 0.035937 0.047656
5 0.610938 0.453125 0.031250 0.043750
8 0.332031 0.455859 0.042188 0.058594
5 0.391406 0.486328 0.035937 0.047656
10 0.224219 0.487891 0.095312 0.128906
5 0.595313 0.506641 0.040625 0.053906
5 0.517188 0.510547 0.040625 0.046094
5 0.275000 0.532422 0.059375 0.052344
8 0.710156 0.533984 0.054688 0.077344
5 0.363281 0.543750 0.048438 0.062500
5 0.128125 0.550391 0.046875 0.066406
10 0.228125 0.613672 0.121875 0.177344
5 0.581250 0.657813 0.068750 0.093750
5 0.324219 0.704297 0.067187 0.096094
5 0.083594 0.704297 0.076563 0.096094
5 0.855469 0.709766 0.135937 0.172656
5 0.763281 0.758203 0.120313 0.166406
