5 0.404687 0.296875 0.021875 0.037500
8 0.346094 0.300391 0.029687 0.041406
5 0.375000 0.304688 0.025000 0.037500
5 0.392188 0.315234 0.025000 0.033594
5 0.342969 0.350000 0.067187 0.056250
8 0.315625 0.395313 0.084375 0.106250
2 0.689063 0.419141 0.118750 0.147656
5 0.491406 0.426563 0.051562 0.056250
2 0.603906 0.428125 0.132812 0.187500
2 0.135937 0.480859 0.187500 0.189844
5 0.350000 0.498047 0.090625 0.108594
5 0.525000 0.500391 0.084375 0.085156
5 0.814844 0.517578 0.089063 0.085156
2 0.671875 0.528125 0.159375 0.218750
5 0.549219 0.571484 0.123438 0.108594
8 0.206250 0.584375 0.146875 0.187500
5 0.579688 0.696484 0.153125 0.146094
2 0.842969 0.760938 0.314063 0.478125
5 0.243750 0.797266 0.175000 0.228906
5 0.625781 0.853516 0.239063 0.222656
5 0.685937 0.951562 0.190625 0.096875
