10 0.332813 0.448437 0.056250 0.062500
9 0.640625 0.456641 0.065625 0.097656
5 0.388281 0.471875 0.039062 0.043750
5 0.507812 0.472266 0.040625 0.060156
1 0.601562 0.478125 0.087500 0.131250
8 0.223438 0.500391 0.059375 0.091406
5 0.383594 0.501953 0.042188 0.041406
1 0.282813 0.519922 0.100000 0.139844
5 0.370312 0.550391 0.050000 0.066406
10 0.149219 0.550391 0.092188 0.085156
5 0.549219 0.561328 0.054688 0.085156
10 0.691406 0.602734 0.126562 0.196094
5 0.344531 0.609766 0.064062 0.072656
5 0.317188 0.703516 0.087500 0.110156
9 0.122656 0.759375 0.245312 0.343750
5 0.655469 0.898438 0.132812 0.203125
7 0.252344 0.921875 0.148438 0.156250
