5 0.552344 0.387891 0.042188 0.041406
5 0.489844 0.410938 0.048438 0.037500
5 0.571875 0.417187 0.043750 0.062500
8 0.637500 0.416016 0.053125 0.066406
5 0.360938 0.437500 0.059375 0.075000
2 0.710938 0.446875 0.090625 0.125000
5 0.503906 0.468359 0.051562 0.077344
5 0.580469 0.467578 0.042188 0.085156
5 0.765625 0.492578 0.031250 0.072656
8 0.615625 0.510938 0.050000 0.162500
5 0.507031 0.527734 0.051562 0.089844
8 0.214062 0.533984 0.100000 0.146094
2 0.062500 0.547266 0.125000 0.197656
2 0.903125 0.559766 0.193750 0.222656
8 0.679688 0.562891 0.112500 0.178906
8 0.323437 0.572266 0.065625 0.141406
5 0.535937 0.590234 0.084375 0.108594
8 0.732031 0.618750 0.054688 0.137500
5 0.557031 0.688672 0.098437 0.164844
2 0.864062 0.727734 0.193750 0.364844
5 0.060937 0.762891 0.121875 0.172656
5 0.728125 0.839063 0.178125 0.243750
5 0.588281 0.920312 0.126562 0.159375
