8 0.402344 0.262109 0.017188 0.033594
5 0.360156 0.281641 0.017188 0.028906
8 0.377344 0.289453 0.017188 0.041406
2 0.494531 0.293750 0.032813 0.075000
8 0.403906 0.298047 0.023438 0.046094
8 0.535156 0.298047 0.032813 0.033594
8 0.324219 0.303125 0.026562 0.050000
5 0.461719 0.302734 0.026562 0.033594
8 0.351562 0.325000 0.034375 0.056250
2 0.574219 0.331250 0.054688 0.087500
5 0.470313 0.340234 0.025000 0.033594
5 0.394531 0.341016 0.026562 0.035156
8 0.527344 0.352734 0.045312 0.089844
8 0.589844 0.362109 0.035937 0.058594
5 0.475000 0.364453 0.025000 0.028906
8 0.550781 0.388672 0.042188 0.089844
5 0.483594 0.390234 0.029687 0.033594
8 0.632031 0.390234 0.045312 0.089844
5 0.490625 0.410938 0.037500 0.037500
8 0.679688 0.415625 0.078125 0.093750
8 0.221875 0.418750 0.071875 0.118750
5 0.569531 0.423828 0.029687 0.060156
5 0.500000 0.440625 0.043750 0.056250
5 0.586719 0.442188 0.026562 0.062500
5 0.510938 0.502734 0.059375 0.096094
8 0.610938 0.504687 0.046875 0.137500
8 0.775000 0.527734 0.100000 0.089844
8 0.202344 0.537109 0.082812 0.139844
8 0.312500 0.546484 0.118750 0.214844
8 0.661719 0.548438 0.095312 0.187500
2 0.942187 0.595703 0.115625 0.178906
5 0.532031 0.599609 0.076563 0.102344
8 0.728906 0.635547 0.039062 0.146094
2 0.842969 0.710547 0.192188 0.296094
5 0.572656 0.719141 0.095312 0.135156
2 0.919531 0.831250 0.148438 0.312500
5 0.641406 0.934375 0.142187 0.131250
