8 0.258594 0.386328 0.048438 0.060156
3 0.653906 0.403516 0.095312 0.128906
8 0.296094 0.417578 0.048438 0.060156
5 0.492969 0.421484 0.042188 0.052344
5 0.336719 0.437500 0.048438 0.056250
10 0.594531 0.450391 0.060937 0.110156
5 0.515625 0.465625 0.050000 0.075000
5 0.335156 0.495312 0.054688 0.068750
11 0.788281 0.551953 0.095312 0.141406
5 0.665625 0.565234 0.078125 0.102344
5 0.583594 0.703516 0.107813 0.153906
5 0.929688 0.721875 0.140625 0.181250
5 0.796094 0.821484 0.151562 0.189844
5 0.190625 0.912500 0.156250 0.175000
