9 0.500000 0.360547 0.025000 0.046094
10 0.350000 0.373828 0.031250 0.047656
5 0.480469 0.389062 0.017188 0.018750
8 0.366406 0.406250 0.029687 0.043750
5 0.400000 0.407813 0.025000 0.018750
8 0.321094 0.414062 0.032813 0.043750
5 0.398438 0.428516 0.028125 0.028906
10 0.349219 0.435937 0.035937 0.062500
5 0.302344 0.441797 0.026562 0.033594
5 0.403125 0.449609 0.031250 0.033594
5 0.331250 0.468359 0.037500 0.052344
5 0.392188 0.469141 0.034375 0.041406
5 0.275000 0.484766 0.037500 0.041406
5 0.378125 0.494922 0.037500 0.052344
5 0.289844 0.531250 0.048438 0.062500
5 0.367969 0.539453 0.054688 0.078906
9 0.150000 0.541797 0.143750 0.158594
5 0.673438 0.615625 0.081250 0.100000
5 0.247656 0.615625 0.070312 0.081250
9 0.050781 0.702734 0.101562 0.264844
5 0.315625 0.769141 0.096875 0.128906
5 0.100781 0.851172 0.135937 0.177344
