5 0.489063 0.412500 0.025000 0.031250
9 0.310156 0.412500 0.057813 0.087500
5 0.413281 0.415625 0.026562 0.037500
5 0.504687 0.432812 0.025000 0.031250
6 0.331250 0.441797 0.068750 0.096094
5 0.408594 0.443359 0.029687 0.033594
12 0.266406 0.451562 0.079687 0.118750
10 0.582031 0.459766 0.060937 0.116406
5 0.510156 0.474609 0.035937 0.052344
5 0.387500 0.487109 0.034375 0.046094
5 0.294531 0.529297 0.054688 0.058594
5 0.367188 0.541797 0.050000 0.058594
8 0.196875 0.547266 0.078125 0.103906
5 0.545312 0.584375 0.053125 0.075000
5 0.093750 0.587109 0.071875 0.071094
7 0.353906 0.621484 0.067187 0.089844
8 0.061719 0.675391 0.123438 0.147656
8 0.812500 0.682813 0.134375 0.143750
5 0.317188 0.753516 0.096875 0.128906
5 0.125781 0.808203 0.126562 0.128906
