1 0.467187 0.330859 0.043750 0.064844
1 0.525781 0.337500 0.051562 0.081250
5 0.469531 0.359375 0.026562 0.031250
8 0.620313 0.384375 0.062500 0.100000
1 0.564844 0.390234 0.067187 0.108594
5 0.480469 0.395313 0.032813 0.043750
5 0.553125 0.414062 0.040625 0.043750
5 0.646094 0.423828 0.045312 0.060156
5 0.494531 0.430859 0.042188 0.077344
5 0.271875 0.457422 0.046875 0.064844
5 0.509375 0.459375 0.046875 0.037500
9 0.742969 0.472266 0.139063 0.197656
5 0.607812 0.493359 0.068750 0.083594
5 0.517969 0.516797 0.057813 0.083594
5 0.875000 0.559375 0.087500 0.100000
5 0.303906 0.569141 0.082812 0.091406
5 0.686719 0.616797 0.089063 0.121094
8 0.114844 0.617188 0.135937 0.150000
5 0.553125 0.625000 0.093750 0.118750
