2 0.385937 0.276172 0.025000 0.039844
8 0.348438 0.297266 0.025000 0.035156
5 0.403125 0.303516 0.018750 0.022656
5 0.396875 0.318750 0.025000 0.031250
2 0.292187 0.334375 0.053125 0.081250
8 0.382812 0.347266 0.031250 0.041406
5 0.481250 0.381250 0.034375 0.056250
8 0.303906 0.381641 0.048438 0.078906
8 0.553125 0.387500 0.046875 0.087500
8 0.199219 0.408203 0.079687 0.103906
2 0.689063 0.423047 0.112500 0.183594
5 0.571094 0.424609 0.032813 0.052344
5 0.364844 0.426953 0.042188 0.053906
5 0.486719 0.426953 0.035937 0.066406
5 0.595313 0.447266 0.043750 0.066406
5 0.502344 0.462500 0.039062 0.062500
5 0.517188 0.495312 0.059375 0.081250
8 0.753125 0.504297 0.103125 0.158594
8 0.622656 0.509766 0.067187 0.135156
5 0.334375 0.514453 0.062500 0.078906
5 0.530469 0.534766 0.064062 0.085156
8 0.667969 0.549609 0.107813 0.202344
5 0.558594 0.576953 0.070312 0.103906
8 0.535937 0.623047 0.081250 0.158594
8 0.764844 0.650391 0.098437 0.160156
2 0.863281 0.733984 0.229687 0.389844
5 0.573438 0.742188 0.100000 0.175000
5 0.235156 0.793359 0.120313 0.164844
5 0.613281 0.862500 0.135937 0.206250
5 0.642969 0.950391 0.151562 0.097656
