5 0.473438 0.366797 0.015625 0.021094
5 0.498437 0.367578 0.015625 0.022656
10 0.337500 0.381641 0.040625 0.053906
5 0.423438 0.405859 0.025000 0.027344
8 0.368750 0.406250 0.031250 0.050000
5 0.407813 0.410547 0.028125 0.033594
10 0.303906 0.414453 0.057813 0.078906
8 0.353906 0.428125 0.035937 0.050000
5 0.499219 0.431250 0.026562 0.037500
5 0.271875 0.431641 0.028125 0.035156
5 0.395313 0.433203 0.028125 0.041406
5 0.348438 0.448437 0.031250 0.037500
5 0.399219 0.458203 0.035937 0.041406
5 0.235156 0.459375 0.045312 0.043750
10 0.324219 0.480078 0.057813 0.097656
5 0.386719 0.498047 0.045312 0.058594
5 0.215625 0.517578 0.053125 0.072656
5 0.266406 0.556641 0.067187 0.085156
5 0.551562 0.562500 0.056250 0.075000
5 0.350781 0.568750 0.067187 0.081250
8 0.146875 0.575000 0.106250 0.143750
5 0.154688 0.761328 0.115625 0.135156
5 0.653906 0.866016 0.142187 0.228906
5 0.276562 0.870703 0.146875 0.178906
