10 0.552344 0.383203 0.048438 0.091406
5 0.489844 0.406250 0.042188 0.056250
12 0.638281 0.416797 0.089063 0.096094
5 0.512500 0.423438 0.040625 0.050000
8 0.260156 0.444141 0.067187 0.103906
5 0.751563 0.469922 0.065625 0.077344
4 0.510156 0.471875 0.064062 0.112500
5 0.151562 0.489453 0.059375 0.066406
5 0.834375 0.526172 0.081250 0.089844
10 0.657031 0.545703 0.114062 0.166406
5 0.547656 0.573047 0.082812 0.121094
10 0.785156 0.581641 0.107813 0.128906
11 0.941406 0.718359 0.117188 0.196094
5 0.775781 0.733203 0.129688 0.178906
5 0.614844 0.806641 0.142187 0.222656
