5 0.335938 0.370312 0.043750 0.056250
8 0.224219 0.391016 0.064062 0.091406
2 0.653125 0.413672 0.106250 0.114844
5 0.341406 0.484375 0.073438 0.100000
5 0.516406 0.491797 0.064062 0.083594
8 0.625000 0.507422 0.090625 0.139844
5 0.528906 0.526172 0.070312 0.089844
5 0.738281 0.531250 0.057813 0.093750
8 0.696875 0.582422 0.159375 0.252344
5 0.251563 0.584766 0.106250 0.135156
2 0.877344 0.591016 0.245312 0.453906
5 0.576562 0.597266 0.078125 0.128906
8 0.535937 0.654297 0.100000 0.196094
5 0.609375 0.873828 0.171875 0.235156
8 0.927344 0.898438 0.145313 0.203125
