5 0.383594 0.348047 0.029687 0.033594
5 0.289844 0.356250 0.032813 0.037500
10 0.538281 0.362891 0.045312 0.072656
5 0.482812 0.379688 0.034375 0.037500
9 0.650000 0.396875 0.071875 0.118750
5 0.503906 0.417578 0.039062 0.047656
3 0.596875 0.418359 0.084375 0.139844
5 0.360156 0.419141 0.042188 0.047656
5 0.724219 0.437109 0.054688 0.064844
5 0.529687 0.516797 0.065625 0.071094
9 0.796875 0.517578 0.156250 0.172656
11 0.669531 0.558203 0.082812 0.141406
5 0.563281 0.649609 0.089063 0.121094
10 0.795312 0.704688 0.184375 0.337500
