5 0.318750 0.389062 0.037500 0.043750
3 0.621875 0.394141 0.075000 0.110156
5 0.493750 0.405859 0.037500 0.039844
5 0.559375 0.405859 0.040625 0.046094
5 0.575000 0.437109 0.031250 0.052344
5 0.502344 0.447266 0.042188 0.053906
11 0.616406 0.465234 0.060937 0.108594
5 0.538281 0.490234 0.057813 0.077344
5 0.642188 0.547266 0.075000 0.091406
5 0.894531 0.601172 0.107813 0.114844
11 0.747656 0.666016 0.101562 0.166406
5 0.892969 0.691016 0.104688 0.122656
5 0.607812 0.800391 0.125000 0.203906
11 0.850781 0.817187 0.189062 0.337500
