8 0.328125 0.310937 0.034375 0.062500
5 0.370312 0.317578 0.037500 0.035156
5 0.379688 0.346875 0.031250 0.037500
5 0.323437 0.385937 0.056250 0.075000
8 0.666406 0.384766 0.114062 0.091406
8 0.575000 0.393750 0.096875 0.118750
5 0.515625 0.449609 0.053125 0.058594
8 0.265625 0.462891 0.087500 0.122656
5 0.777344 0.466016 0.067187 0.091406
2 0.642188 0.491016 0.162500 0.178906
5 0.515625 0.493750 0.078125 0.081250
5 0.539062 0.568359 0.106250 0.114844
8 0.032031 0.603125 0.064062 0.243750
5 0.572656 0.680859 0.151562 0.133594
2 0.803125 0.703125 0.340625 0.481250
2 0.940625 0.709766 0.118750 0.328906
5 0.253906 0.759766 0.132812 0.191406
5 0.602344 0.831250 0.173437 0.212500
2 0.038281 0.906641 0.076563 0.185156
5 0.663281 0.926562 0.148438 0.146875
