6 0.313281 0.351953 0.057813 0.091406
8 0.265625 0.362891 0.040625 0.047656
5 0.594531 0.376172 0.029687 0.039844
5 0.546875 0.384375 0.031250 0.050000
10 0.233594 0.393750 0.051562 0.075000
5 0.634375 0.412109 0.046875 0.052344
10 0.191406 0.426953 0.067187 0.078906
5 0.370312 0.432422 0.040625 0.052344
5 0.500781 0.451172 0.045312 0.064844
5 0.607031 0.499609 0.057813 0.077344
9 0.736719 0.503516 0.135937 0.153906
5 0.528906 0.525000 0.060937 0.081250
10 0.193750 0.531641 0.096875 0.160156
5 0.697656 0.608984 0.082812 0.096094
5 0.307812 0.616016 0.081250 0.103906
10 0.094531 0.677734 0.154688 0.239844
5 0.828125 0.769141 0.140625 0.178906
5 0.200781 0.922266 0.148438 0.153906
