9 0.592969 0.343359 0.048438 0.077344
12 0.540625 0.358984 0.059375 0.096094
10 0.203125 0.399609 0.084375 0.114844
6 0.300781 0.402734 0.067187 0.071094
5 0.491406 0.432422 0.039062 0.064844
5 0.354687 0.453516 0.046875 0.053906
5 0.271875 0.462109 0.059375 0.071094
9 0.628906 0.465625 0.107813 0.187500
5 0.183594 0.481641 0.064062 0.053906
9 0.803125 0.548828 0.146875 0.160156
5 0.547656 0.592187 0.073438 0.112500
10 0.746875 0.602734 0.137500 0.246094
10 0.153906 0.602734 0.129688 0.202344
5 0.225000 0.894922 0.156250 0.202344
