5 0.400781 0.256250 0.010937 0.018750
5 0.367969 0.268359 0.010937 0.014844
8 0.385937 0.275391 0.015625 0.028906
5 0.452344 0.279297 0.014063 0.021094
8 0.406250 0.283984 0.015625 0.027344
5 0.457031 0.294141 0.017188 0.016406
8 0.340625 0.295703 0.028125 0.041406
8 0.367969 0.305859 0.023438 0.039844
2 0.501563 0.305859 0.031250 0.071094
5 0.461719 0.312500 0.023438 0.018750
5 0.400781 0.315625 0.017188 0.025000
5 0.466406 0.324609 0.020313 0.014844
2 0.576562 0.326172 0.050000 0.064844
5 0.473438 0.340625 0.021875 0.025000
8 0.315625 0.343359 0.040625 0.058594
8 0.528125 0.354687 0.040625 0.075000
5 0.475781 0.359766 0.026562 0.022656
8 0.599219 0.371875 0.048438 0.068750
8 0.367188 0.383203 0.053125 0.078906
5 0.481250 0.383984 0.028125 0.033594
8 0.552344 0.391797 0.045312 0.083594
8 0.289844 0.399609 0.045312 0.058594
8 0.643750 0.405078 0.046875 0.085156
5 0.490625 0.407422 0.028125 0.027344
5 0.571094 0.425391 0.029687 0.041406
5 0.500000 0.435937 0.037500 0.037500
8 0.702344 0.440234 0.073438 0.108594
5 0.593750 0.450391 0.043750 0.066406
5 0.508594 0.462500 0.035937 0.037500
8 0.780469 0.523438 0.073438 0.100000
5 0.517969 0.530859 0.060937 0.102344
8 0.673438 0.555078 0.096875 0.197656
5 0.548438 0.640625 0.075000 0.118750
2 0.835938 0.722266 0.153125 0.353906
5 0.596094 0.796484 0.110937 0.183594
2 0.939844 0.843359 0.120313 0.308594
5 0.646875 0.950000 0.128125 0.100000
