8 0.350000 0.290234 0.028125 0.046094
5 0.407813 0.295312 0.021875 0.031250
5 0.375000 0.304688 0.031250 0.050000
2 0.580469 0.316016 0.057813 0.066406
5 0.395313 0.331641 0.031250 0.041406
6 0.526563 0.347266 0.053125 0.066406
5 0.479687 0.362500 0.034375 0.031250
5 0.481250 0.379688 0.034375 0.037500
5 0.486719 0.410547 0.042188 0.058594
2 0.600000 0.431250 0.118750 0.206250
5 0.660156 0.448047 0.048438 0.071094
5 0.325000 0.484766 0.065625 0.085156
1 0.746094 0.483984 0.145313 0.202344
5 0.517188 0.506641 0.059375 0.085156
8 0.082812 0.517188 0.112500 0.150000
5 0.160938 0.630078 0.112500 0.147656
5 0.566406 0.656641 0.104688 0.147656
6 0.912500 0.672266 0.175000 0.253906
5 0.667969 0.917188 0.176563 0.165625
