10 0.354687 0.372266 0.031250 0.047656
9 0.515625 0.378516 0.031250 0.053906
5 0.474219 0.381250 0.014063 0.025000
8 0.328906 0.401562 0.032813 0.043750
8 0.364844 0.406250 0.029687 0.043750
5 0.400000 0.407813 0.025000 0.018750
5 0.481250 0.412500 0.021875 0.031250
5 0.278906 0.421484 0.029687 0.027344
5 0.398438 0.428516 0.028125 0.028906
5 0.308594 0.430859 0.026562 0.033594
10 0.349219 0.435937 0.035937 0.062500
5 0.500000 0.440234 0.028125 0.039844
5 0.403125 0.449609 0.031250 0.033594
5 0.276562 0.462500 0.031250 0.037500
5 0.334375 0.463672 0.037500 0.052344
5 0.392188 0.469141 0.034375 0.041406
5 0.378125 0.494922 0.037500 0.052344
9 0.207031 0.500391 0.098437 0.128906
5 0.306250 0.509375 0.046875 0.056250
5 0.371875 0.521875 0.046875 0.062500
5 0.268750 0.574609 0.059375 0.064844
9 0.082812 0.621875 0.165625 0.225000
5 0.347656 0.650391 0.070312 0.091406
5 0.197656 0.698828 0.092188 0.122656
5 0.270313 0.826953 0.109375 0.128906
