9 0.310156 0.412500 0.057813 0.087500
5 0.411719 0.417187 0.026562 0.037500
10 0.560156 0.433203 0.057813 0.091406
5 0.496094 0.437891 0.029687 0.047656
5 0.408594 0.443359 0.029687 0.033594
12 0.263281 0.450000 0.079687 0.118750
9 0.323437 0.454297 0.062500 0.108594
5 0.387500 0.487109 0.034375 0.046094
5 0.520312 0.512891 0.040625 0.053906
5 0.283594 0.548438 0.057813 0.062500
5 0.364844 0.554297 0.054688 0.071094
8 0.186719 0.558984 0.085938 0.114844
8 0.724219 0.578516 0.085938 0.097656
7 0.350781 0.639062 0.070312 0.106250
8 0.054688 0.706641 0.109375 0.172656
5 0.312500 0.773047 0.096875 0.133594
5 0.082812 0.878125 0.153125 0.162500
