2 0.364844 0.308984 0.032813 0.052344
8 0.327344 0.318359 0.029687 0.046094
7 0.393750 0.323047 0.028125 0.033594
5 0.378906 0.347266 0.029687 0.035156
8 0.553125 0.387500 0.046875 0.087500
2 0.657813 0.393750 0.093750 0.143750
2 0.207031 0.401172 0.092188 0.127344
5 0.571094 0.424609 0.032813 0.052344
5 0.350781 0.426953 0.045312 0.053906
5 0.595313 0.447266 0.043750 0.066406
5 0.502344 0.462500 0.039062 0.062500
8 0.714063 0.467578 0.090625 0.135156
5 0.517188 0.495312 0.059375 0.081250
5 0.802344 0.496484 0.060937 0.077344
8 0.622656 0.509766 0.067187 0.135156
5 0.530469 0.534766 0.064062 0.085156
8 0.667969 0.549609 0.107813 0.202344
5 0.558594 0.576953 0.070312 0.103906
8 0.286719 0.584766 0.085938 0.110156
8 0.882812 0.601953 0.143750 0.216406
8 0.535937 0.623047 0.081250 0.158594
8 0.764844 0.650391 0.098437 0.160156
8 0.081250 0.683984 0.162500 0.233594
2 0.858594 0.733984 0.229687 0.389844
5 0.573438 0.742188 0.100000 0.175000
5 0.613281 0.862500 0.135937 0.206250
5 0.642969 0.950391 0.151562 0.097656
