8 0.322656 0.315234 0.032813 0.046094
5 0.389844 0.341016 0.026562 0.035156
2 0.598437 0.345703 0.059375 0.103906
8 0.280469 0.353125 0.039062 0.056250
2 0.546094 0.358984 0.064062 0.108594
8 0.325781 0.361328 0.035937 0.060156
1 0.486719 0.373828 0.057813 0.097656
5 0.372656 0.380078 0.035937 0.047656
5 0.665625 0.389453 0.034375 0.041406
5 0.523438 0.521875 0.068750 0.093750
5 0.325781 0.565234 0.073438 0.077344
2 0.709375 0.578125 0.200000 0.300000
8 0.176563 0.587500 0.125000 0.143750
2 0.864062 0.590234 0.225000 0.277344
2 0.056250 0.602734 0.106250 0.233594
8 0.054688 0.865625 0.109375 0.268750
