9 0.265625 0.459375 0.071875 0.093750
5 0.328906 0.478516 0.035937 0.047656
5 0.378906 0.510938 0.045312 0.062500
9 0.186719 0.513672 0.123438 0.139844
5 0.298438 0.524609 0.043750 0.052344
9 0.628125 0.525391 0.118750 0.197656
5 0.707031 0.537109 0.057813 0.071094
5 0.372656 0.562109 0.051562 0.071094
5 0.272656 0.574609 0.060937 0.083594
5 0.340625 0.629297 0.071875 0.083594
8 0.834375 0.644141 0.146875 0.216406
5 0.593750 0.703125 0.087500 0.118750
10 0.115625 0.739453 0.228125 0.353906
5 0.299219 0.771875 0.117188 0.162500
