1 0.352344 0.424609 0.057813 0.077344
8 0.307031 0.428516 0.045312 0.066406
5 0.515625 0.457813 0.034375 0.056250
5 0.388281 0.471875 0.039062 0.043750
9 0.305469 0.474609 0.085938 0.114844
10 0.235156 0.475391 0.060937 0.097656
5 0.383594 0.501953 0.042188 0.041406
5 0.373437 0.541016 0.050000 0.060156
10 0.250781 0.574609 0.098437 0.133594
9 0.092969 0.585547 0.185938 0.233594
5 0.352344 0.587109 0.064062 0.064844
5 0.556250 0.606641 0.071875 0.110156
5 0.331250 0.648438 0.075000 0.100000
5 0.721094 0.677734 0.095312 0.152344
7 0.328906 0.718359 0.085938 0.127344
5 0.290625 0.840625 0.112500 0.150000
