8 0.333594 0.400000 0.029687 0.050000
8 0.301563 0.437891 0.040625 0.053906
5 0.348438 0.440625 0.031250 0.043750
7 0.402344 0.455859 0.029687 0.039844
10 0.646875 0.462891 0.068750 0.103906
5 0.320312 0.472266 0.034375 0.035156
5 0.390625 0.486328 0.037500 0.047656
5 0.321094 0.498437 0.042188 0.050000
10 0.208594 0.508984 0.070312 0.102344
10 0.260156 0.558203 0.082812 0.116406
5 0.375000 0.562891 0.059375 0.066406
8 0.134375 0.576953 0.093750 0.128906
8 0.085156 0.815234 0.170313 0.258594
5 0.289844 0.869922 0.123438 0.152344
