10 0.328125 0.399609 0.034375 0.058594
10 0.368750 0.403516 0.037500 0.053906
5 0.409375 0.426172 0.028125 0.039844
9 0.282031 0.428125 0.070312 0.100000
8 0.594531 0.435547 0.042188 0.046094
5 0.403125 0.466016 0.037500 0.041406
12 0.225781 0.479687 0.110937 0.162500
9 0.295312 0.496484 0.093750 0.152344
5 0.178906 0.504687 0.042188 0.050000
5 0.374219 0.525391 0.051562 0.053906
5 0.352344 0.593750 0.064062 0.081250
8 0.114062 0.631250 0.121875 0.143750
5 0.214844 0.666016 0.092188 0.097656
7 0.335938 0.692187 0.087500 0.125000
5 0.296094 0.833984 0.114062 0.146094
