2 0.246094 0.378125 0.082812 0.093750
5 0.381250 0.387891 0.046875 0.072656
2 0.665625 0.409766 0.071875 0.147656
2 0.592187 0.409766 0.075000 0.153906
5 0.727344 0.447266 0.042188 0.060156
1 0.526563 0.468359 0.118750 0.183594
8 0.232813 0.491016 0.103125 0.160156
5 0.342969 0.493750 0.073438 0.112500
5 0.843750 0.531641 0.100000 0.116406
5 0.127344 0.539453 0.101562 0.116406
5 0.763281 0.556641 0.092188 0.153906
8 0.951562 0.712109 0.096875 0.258594
5 0.267188 0.754297 0.125000 0.183594
8 0.079687 0.765625 0.156250 0.231250
