9 0.560937 0.392578 0.037500 0.060156
5 0.517969 0.422266 0.026562 0.041406
10 0.333594 0.445312 0.064062 0.106250
5 0.499219 0.444922 0.029687 0.052344
5 0.403906 0.453125 0.026562 0.037500
8 0.272656 0.456641 0.045312 0.072656
5 0.390625 0.480859 0.034375 0.046094
5 0.536719 0.514453 0.045312 0.066406
9 0.223438 0.577734 0.159375 0.233594
5 0.349219 0.596875 0.073438 0.100000
10 0.071094 0.660937 0.142187 0.175000
5 0.313281 0.690234 0.089063 0.114844
5 0.615625 0.796875 0.115625 0.187500
8 0.878125 0.868750 0.243750 0.262500
5 0.263281 0.912891 0.132812 0.172656
