2 0.334375 0.337109 0.046875 0.083594
10 0.258594 0.356641 0.067187 0.091406
3 0.620313 0.378516 0.068750 0.110156
10 0.559375 0.403125 0.050000 0.093750
5 0.502344 0.428125 0.045312 0.062500
11 0.702344 0.471875 0.067187 0.106250
8 0.172656 0.473828 0.073438 0.097656
5 0.607812 0.480078 0.056250 0.072656
8 0.230469 0.523047 0.073438 0.096094
5 0.531250 0.549609 0.071875 0.096094
5 0.785937 0.580078 0.090625 0.122656
5 0.672656 0.605859 0.092188 0.108594
5 0.178906 0.673438 0.107813 0.112500
5 0.232031 0.816797 0.126562 0.171094
5 0.684375 0.887500 0.168750 0.225000
