1 0.382812 0.287109 0.031250 0.058594
8 0.324219 0.334375 0.042188 0.056250
5 0.386719 0.346484 0.026562 0.039844
8 0.596875 0.357422 0.053125 0.089844
2 0.260937 0.371484 0.065625 0.089844
8 0.638281 0.396875 0.070312 0.106250
2 0.297656 0.403516 0.073438 0.097656
5 0.364844 0.403125 0.045312 0.068750
5 0.682813 0.407422 0.050000 0.064844
8 0.692187 0.473047 0.065625 0.071094
8 0.625781 0.512500 0.067187 0.137500
2 0.808594 0.512109 0.145313 0.133594
8 0.157812 0.549609 0.106250 0.171094
8 0.666406 0.551562 0.101562 0.168750
5 0.313281 0.556641 0.073438 0.097656
5 0.519531 0.575000 0.067187 0.093750
5 0.547656 0.621875 0.082812 0.106250
2 0.960156 0.628516 0.079687 0.191406
8 0.746094 0.635938 0.070312 0.150000
2 0.855469 0.705078 0.217188 0.310156
8 0.057813 0.707812 0.115625 0.243750
5 0.568750 0.724609 0.106250 0.152344
2 0.921094 0.850000 0.157812 0.300000
5 0.724219 0.879687 0.160938 0.240625
