5 0.467187 0.325000 0.025000 0.031250
11 0.514062 0.328125 0.034375 0.068750
11 0.558594 0.333984 0.035937 0.064844
9 0.330469 0.347266 0.054688 0.085156
10 0.275000 0.352734 0.056250 0.071094
5 0.375000 0.387500 0.034375 0.043750
9 0.226562 0.387500 0.090625 0.087500
5 0.550000 0.401953 0.037500 0.053906
5 0.506250 0.420312 0.040625 0.068750
5 0.346094 0.450000 0.048438 0.056250
3 0.251563 0.453125 0.115625 0.156250
11 0.136719 0.470703 0.085938 0.116406
11 0.279687 0.645312 0.106250 0.131250
5 0.802344 0.909375 0.160938 0.181250
