5 0.473438 0.364063 0.028125 0.031250
3 0.542188 0.366797 0.053125 0.096094
2 0.662500 0.387500 0.100000 0.112500
5 0.481250 0.393750 0.037500 0.043750
5 0.490625 0.435937 0.050000 0.062500
3 0.585156 0.435547 0.082812 0.158594
5 0.510156 0.462109 0.060937 0.039844
5 0.345313 0.476172 0.056250 0.077344
5 0.717969 0.499609 0.035937 0.064844
2 0.667969 0.501953 0.123438 0.228906
5 0.519531 0.516016 0.060937 0.085156
5 0.220312 0.518359 0.065625 0.077344
5 0.760938 0.525391 0.065625 0.072656
5 0.532031 0.560937 0.064062 0.087500
5 0.806250 0.584766 0.087500 0.103906
5 0.564844 0.621484 0.089063 0.146094
5 0.934375 0.701172 0.131250 0.152344
5 0.794531 0.759375 0.129688 0.181250
5 0.605469 0.769922 0.114062 0.164844
