8 0.292969 0.340625 0.032813 0.050000
2 0.617188 0.365234 0.065625 0.108594
5 0.475781 0.368750 0.029687 0.031250
5 0.330469 0.376172 0.035937 0.052344
2 0.550781 0.383984 0.057813 0.083594
5 0.491406 0.386328 0.039062 0.047656
5 0.494531 0.425391 0.039062 0.041406
5 0.597656 0.468359 0.048438 0.058594
5 0.511719 0.486328 0.051562 0.072656
5 0.213281 0.546875 0.070312 0.087500
5 0.797656 0.565234 0.051562 0.089844
2 0.737500 0.591797 0.221875 0.371094
1 0.910937 0.689453 0.178125 0.366406
5 0.578125 0.698438 0.090625 0.125000
5 0.241406 0.843750 0.126562 0.162500
