5 0.387500 0.360938 0.031250 0.025000
5 0.475000 0.362500 0.018750 0.037500
5 0.477344 0.387500 0.026562 0.025000
5 0.401562 0.413672 0.071875 0.064844
5 0.364844 0.415625 0.051562 0.062500
5 0.538281 0.421484 0.029687 0.039844
5 0.315625 0.466797 0.090625 0.071094
5 0.571094 0.474609 0.032813 0.033594
5 0.631250 0.518750 0.040625 0.050000
5 0.367969 0.535937 0.101562 0.100000
9 0.089063 0.612500 0.081250 0.131250
5 0.559375 0.612500 0.071875 0.100000
5 0.678906 0.622266 0.079687 0.085156
10 0.184375 0.676953 0.137500 0.203906
5 0.295312 0.740625 0.096875 0.131250
5 0.643750 0.763672 0.003125 0.002344
5 0.710938 0.915234 0.140625 0.146094
5 0.104688 0.926953 0.078125 0.128906
5 0.958594 0.953516 0.082812 0.091406
