5 0.396094 0.324609 0.023438 0.027344
1 0.592969 0.324609 0.045312 0.064844
2 0.563281 0.324609 0.042188 0.058594
5 0.385937 0.346484 0.028125 0.033594
5 0.336719 0.366797 0.032813 0.046094
5 0.599219 0.373828 0.035937 0.047656
5 0.482031 0.381250 0.039062 0.043750
5 0.308594 0.391016 0.039062 0.047656
5 0.369531 0.391016 0.035937 0.047656
2 0.554688 0.391016 0.059375 0.103906
5 0.628906 0.398438 0.042188 0.062500
5 0.496094 0.401953 0.042188 0.053906
2 0.216406 0.402734 0.095312 0.114844
5 0.653906 0.423047 0.051562 0.058594
5 0.296094 0.425000 0.051562 0.075000
5 0.488281 0.426953 0.045312 0.053906
5 0.503125 0.439063 0.034375 0.043750
5 0.576562 0.437891 0.043750 0.072656
5 0.510156 0.482812 0.054688 0.081250
2 0.781250 0.506250 0.171875 0.212500
5 0.303906 0.581250 0.092188 0.125000
5 0.531250 0.581641 0.084375 0.116406
5 0.690625 0.618359 0.096875 0.152344
5 0.882812 0.671875 0.128125 0.137500
5 0.589063 0.715625 0.100000 0.156250
5 0.977344 0.818359 0.045312 0.164844
5 0.907813 0.894141 0.184375 0.210156
5 0.732812 0.962500 0.140625 0.075000
