10 0.288281 0.430859 0.064062 0.096094
5 0.254688 0.440234 0.037500 0.039844
5 0.391406 0.442188 0.026562 0.037500
5 0.341406 0.459766 0.032813 0.041406
5 0.234375 0.468359 0.037500 0.046094
5 0.390625 0.486328 0.040625 0.047656
5 0.517969 0.487109 0.039062 0.052344
10 0.310156 0.491016 0.076563 0.110156
5 0.184375 0.502734 0.053125 0.052344
5 0.692969 0.534766 0.054688 0.060156
5 0.362500 0.550391 0.053125 0.078906
5 0.172656 0.559375 0.064062 0.081250
5 0.235937 0.599609 0.071875 0.096094
5 0.664062 0.615625 0.081250 0.106250
5 0.566406 0.640625 0.073438 0.112500
8 0.061719 0.675000 0.123438 0.175000
5 0.278125 0.679688 0.106250 0.112500
