8 0.296094 0.333984 0.035937 0.064844
8 0.353906 0.335938 0.039062 0.050000
5 0.470313 0.353125 0.034375 0.037500
2 0.560156 0.376563 0.070312 0.131250
5 0.478125 0.381641 0.034375 0.041406
5 0.617969 0.401953 0.039062 0.053906
1 0.676562 0.416016 0.084375 0.128906
5 0.491406 0.427734 0.035937 0.052344
5 0.346875 0.449609 0.053125 0.058594
5 0.511719 0.486328 0.057813 0.072656
6 0.788281 0.534766 0.142187 0.153906
5 0.550781 0.601953 0.073438 0.091406
5 0.681250 0.604297 0.078125 0.096094
5 0.639844 0.907813 0.139063 0.184375
