5 0.318750 0.325391 0.021875 0.035156
5 0.347656 0.327734 0.023438 0.039844
5 0.386719 0.337109 0.029687 0.033594
10 0.557813 0.383984 0.040625 0.077344
5 0.624219 0.412891 0.045312 0.060156
5 0.357031 0.425391 0.057813 0.078906
5 0.507812 0.432422 0.043750 0.064844
5 0.525781 0.509375 0.057813 0.075000
5 0.732031 0.515625 0.070312 0.075000
5 0.646094 0.541016 0.070312 0.097656
5 0.282813 0.630859 0.156250 0.133594
5 0.712500 0.635547 0.090625 0.133594
11 0.907813 0.640234 0.159375 0.233594
5 0.568750 0.646484 0.084375 0.146094
10 0.867969 0.818750 0.220312 0.362500
