10 0.353125 0.365234 0.031250 0.046094
10 0.331250 0.396875 0.043750 0.068750
5 0.423438 0.405859 0.021875 0.027344
5 0.302344 0.406250 0.032813 0.037500
5 0.403906 0.409766 0.023438 0.028906
8 0.362500 0.412500 0.037500 0.050000
5 0.396875 0.431641 0.031250 0.035156
10 0.341406 0.450391 0.048438 0.078906
5 0.399219 0.452734 0.035937 0.046094
8 0.275781 0.459375 0.060937 0.087500
5 0.390625 0.474609 0.040625 0.046094
8 0.610156 0.490234 0.073438 0.121094
5 0.312500 0.491016 0.046875 0.066406
5 0.370312 0.518750 0.053125 0.068750
5 0.221875 0.527734 0.059375 0.071094
5 0.274219 0.566016 0.060937 0.078906
5 0.112500 0.569922 0.071875 0.064844
5 0.713281 0.676953 0.095312 0.116406
5 0.203125 0.681641 0.106250 0.128906
5 0.266406 0.831641 0.139063 0.203906
