9 0.317969 0.415625 0.045312 0.062500
8 0.594531 0.431641 0.039062 0.072656
9 0.275781 0.441016 0.064062 0.072656
5 0.403125 0.443750 0.031250 0.050000
10 0.554688 0.444141 0.043750 0.097656
5 0.347656 0.450000 0.042188 0.037500
5 0.321094 0.487500 0.042188 0.056250
5 0.373437 0.501953 0.043750 0.066406
10 0.178906 0.504297 0.082812 0.108594
10 0.239063 0.550391 0.140625 0.178906
5 0.375000 0.549609 0.059375 0.071094
5 0.349219 0.603125 0.067187 0.081250
5 0.323437 0.659766 0.087500 0.110156
5 0.589844 0.715234 0.101562 0.158594
5 0.293750 0.750391 0.109375 0.135156
9 0.111719 0.781250 0.223438 0.437500
5 0.264062 0.910937 0.137500 0.175000
