8 0.277344 0.444141 0.051562 0.072656
1 0.323437 0.461328 0.068750 0.097656
10 0.232813 0.468750 0.059375 0.062500
5 0.388281 0.471875 0.039062 0.043750
5 0.524219 0.497266 0.045312 0.053906
5 0.383594 0.501953 0.042188 0.041406
12 0.630469 0.526953 0.120313 0.166406
5 0.373437 0.541016 0.050000 0.060156
9 0.251563 0.549609 0.115625 0.164844
10 0.146094 0.560937 0.092188 0.137500
5 0.535156 0.571484 0.064062 0.083594
5 0.352344 0.587109 0.064062 0.064844
5 0.063281 0.601172 0.076563 0.077344
5 0.331250 0.648438 0.075000 0.100000
7 0.318750 0.731250 0.093750 0.131250
10 0.099219 0.778125 0.198437 0.281250
5 0.263281 0.923828 0.145313 0.147656
