5 0.300000 0.342578 0.021875 0.035156
5 0.339844 0.344922 0.023438 0.039844
5 0.389844 0.348047 0.029687 0.033594
5 0.608594 0.399609 0.035937 0.058594
5 0.503125 0.418359 0.037500 0.058594
5 0.352344 0.447266 0.057813 0.078906
5 0.513281 0.475391 0.048438 0.066406
5 0.695312 0.479297 0.059375 0.071094
5 0.623437 0.505078 0.056250 0.085156
11 0.820312 0.562891 0.121875 0.191406
5 0.544531 0.576172 0.070312 0.114844
5 0.673438 0.578125 0.084375 0.112500
10 0.782031 0.705078 0.160938 0.260156
5 0.167969 0.925000 0.185938 0.150000
