2 0.287500 0.337891 0.053125 0.097656
5 0.350781 0.347266 0.023438 0.035156
5 0.387500 0.357812 0.025000 0.031250
2 0.309375 0.376563 0.062500 0.093750
5 0.489844 0.391797 0.032813 0.046094
5 0.371094 0.397266 0.035937 0.047656
5 0.358594 0.445703 0.048438 0.053906
5 0.259375 0.469922 0.053125 0.064844
11 0.696094 0.471875 0.060937 0.106250
12 0.636719 0.473438 0.114062 0.212500
8 0.132031 0.492188 0.092188 0.125000
3 0.546875 0.525391 0.121875 0.228906
11 0.789844 0.544141 0.104688 0.160156
8 0.050000 0.573438 0.100000 0.200000
5 0.315625 0.578125 0.071875 0.100000
8 0.153906 0.632812 0.085938 0.118750
5 0.268750 0.759766 0.118750 0.147656
5 0.635938 0.783984 0.131250 0.221094
