2 0.628125 0.375391 0.075000 0.122656
2 0.562500 0.383203 0.071875 0.116406
5 0.373437 0.384766 0.034375 0.041406
8 0.310156 0.391016 0.048438 0.060156
1 0.503906 0.415625 0.076563 0.137500
2 0.198437 0.426563 0.087500 0.118750
5 0.715625 0.430859 0.050000 0.058594
8 0.275781 0.444141 0.070312 0.097656
5 0.357812 0.465625 0.046875 0.062500
5 0.700000 0.483984 0.071875 0.102344
2 0.196094 0.501172 0.101562 0.114844
8 0.829688 0.579297 0.112500 0.171094
8 0.075000 0.712109 0.150000 0.252344
5 0.250781 0.780859 0.129688 0.152344
5 0.610938 0.819922 0.137500 0.189844
