2 0.358594 0.298438 0.054688 0.087500
5 0.397656 0.321484 0.032813 0.046094
5 0.296875 0.349609 0.043750 0.064844
5 0.272656 0.383984 0.057813 0.052344
8 0.555469 0.387500 0.057813 0.100000
2 0.632812 0.395703 0.071875 0.116406
5 0.678125 0.397266 0.037500 0.060156
5 0.572656 0.425000 0.042188 0.056250
5 0.595313 0.455859 0.050000 0.077344
2 0.802344 0.482812 0.201563 0.231250
8 0.239844 0.484766 0.160938 0.147656
5 0.518750 0.490234 0.050000 0.071094
8 0.620313 0.501172 0.075000 0.139844
5 0.530469 0.526563 0.064062 0.081250
8 0.674219 0.553516 0.114062 0.210156
5 0.562500 0.572266 0.071875 0.110156
8 0.538281 0.631641 0.092188 0.172656
8 0.742969 0.644141 0.048438 0.147656
5 0.582031 0.728516 0.107813 0.172656
2 0.860938 0.737891 0.228125 0.403906
5 0.612500 0.874609 0.153125 0.246094
