5 0.338281 0.348828 0.029687 0.035156
5 0.376563 0.349609 0.034375 0.033594
3 0.542188 0.362500 0.062500 0.087500
5 0.473438 0.364063 0.028125 0.031250
5 0.481250 0.393750 0.037500 0.043750
9 0.656250 0.396875 0.084375 0.125000
5 0.371875 0.398438 0.034375 0.050000
5 0.292969 0.400000 0.039062 0.043750
5 0.490625 0.435937 0.050000 0.062500
3 0.585156 0.435547 0.082812 0.158594
5 0.509375 0.453125 0.043750 0.037500
5 0.716406 0.490234 0.035937 0.064844
9 0.657813 0.493359 0.115625 0.208594
5 0.514844 0.506250 0.064062 0.087500
5 0.760938 0.525391 0.065625 0.072656
5 0.551562 0.573047 0.096875 0.121094
5 0.797656 0.578516 0.070312 0.097656
5 0.858594 0.623437 0.101562 0.100000
5 0.698438 0.626953 0.096875 0.141406
5 0.559375 0.656250 0.096875 0.118750
5 0.596875 0.791797 0.121875 0.183594
