9 0.321875 0.396484 0.050000 0.077344
5 0.413281 0.415625 0.026562 0.037500
5 0.495312 0.429688 0.028125 0.037500
9 0.337500 0.435547 0.062500 0.096094
5 0.410156 0.435547 0.029687 0.033594
12 0.274219 0.443359 0.070312 0.114844
5 0.516406 0.471484 0.032813 0.052344
5 0.392188 0.474609 0.034375 0.046094
10 0.608594 0.491016 0.073438 0.147656
5 0.305469 0.514062 0.054688 0.056250
5 0.526563 0.521875 0.046875 0.075000
8 0.210938 0.527734 0.065625 0.096094
5 0.373437 0.533984 0.050000 0.058594
5 0.130469 0.553516 0.060937 0.066406
7 0.357031 0.609375 0.067187 0.093750
8 0.096094 0.643359 0.117188 0.139844
5 0.588281 0.722266 0.085938 0.122656
5 0.323437 0.735938 0.090625 0.125000
5 0.157812 0.753516 0.115625 0.122656
8 0.937500 0.882812 0.125000 0.234375
