10 0.353125 0.365234 0.031250 0.046094
10 0.331250 0.396875 0.043750 0.068750
5 0.423438 0.405859 0.021875 0.027344
5 0.296094 0.409375 0.032813 0.037500
5 0.403906 0.409766 0.023438 0.028906
8 0.362500 0.412500 0.037500 0.050000
5 0.396875 0.431641 0.031250 0.035156
10 0.341406 0.450391 0.048438 0.078906
5 0.399219 0.452734 0.035937 0.046094
8 0.275781 0.459375 0.060937 0.087500
8 0.585156 0.465625 0.054688 0.093750
5 0.390625 0.474609 0.040625 0.046094
5 0.312500 0.497266 0.046875 0.066406
5 0.368750 0.526563 0.053125 0.068750
5 0.215625 0.530859 0.059375 0.071094
5 0.274219 0.566016 0.060937 0.078906
5 0.657813 0.596484 0.075000 0.096094
5 0.066406 0.601953 0.082812 0.091406
5 0.181250 0.703516 0.106250 0.128906
5 0.779687 0.794922 0.146875 0.177344
5 0.247656 0.889062 0.151562 0.221875
5 0.722656 0.914062 0.164062 0.171875
