2 0.342187 0.315234 0.040625 0.046094
5 0.396094 0.325000 0.026562 0.037500
2 0.283594 0.341016 0.051562 0.060156
2 0.328906 0.359375 0.048438 0.075000
5 0.381250 0.363672 0.034375 0.052344
8 0.606250 0.372266 0.043750 0.078906
8 0.649219 0.399609 0.064062 0.096094
5 0.360156 0.423438 0.057813 0.075000
8 0.259375 0.426563 0.071875 0.093750
5 0.591406 0.441016 0.042188 0.047656
5 0.747656 0.449609 0.070312 0.071094
8 0.201563 0.482812 0.081250 0.118750
8 0.712500 0.491016 0.075000 0.085156
5 0.509375 0.498437 0.062500 0.075000
8 0.617969 0.503125 0.085938 0.143750
2 0.824219 0.537891 0.154688 0.135156
8 0.673438 0.551172 0.118750 0.227344
5 0.522656 0.573047 0.076563 0.096094
5 0.546094 0.607812 0.082812 0.118750
8 0.740625 0.624609 0.078125 0.127344
5 0.268750 0.688672 0.115625 0.177344
2 0.857031 0.704688 0.214062 0.350000
5 0.587500 0.787500 0.128125 0.200000
2 0.933594 0.850000 0.132812 0.300000
5 0.752344 0.915625 0.185938 0.168750
