5 0.490625 0.415234 0.053125 0.058594
5 0.406250 0.420703 0.025000 0.041406
9 0.300000 0.425391 0.050000 0.072656
5 0.359375 0.433984 0.034375 0.033594
10 0.235156 0.440234 0.067187 0.077344
5 0.339844 0.475000 0.039062 0.056250
5 0.521094 0.483984 0.045312 0.083594
5 0.385156 0.497266 0.060937 0.072656
10 0.141406 0.500000 0.132812 0.087500
10 0.251563 0.540234 0.140625 0.183594
5 0.378906 0.550391 0.064062 0.072656
5 0.345313 0.600000 0.081250 0.062500
9 0.131250 0.672266 0.262500 0.353906
5 0.342187 0.678516 0.109375 0.141406
8 0.921094 0.743750 0.157812 0.356250
10 0.780469 0.746875 0.182812 0.337500
5 0.295312 0.750000 0.121875 0.143750
5 0.267188 0.906641 0.143750 0.185156
