5 0.381250 0.362891 0.040625 0.041406
6 0.317969 0.375000 0.054688 0.093750
5 0.374219 0.394922 0.048438 0.052344
2 0.702344 0.444141 0.135937 0.160156
5 0.323437 0.453516 0.059375 0.066406
5 0.610938 0.468750 0.075000 0.087500
5 0.517188 0.512109 0.075000 0.096094
5 0.809375 0.514453 0.100000 0.091406
5 0.540625 0.568750 0.084375 0.106250
5 0.671875 0.578516 0.087500 0.135156
5 0.293750 0.580859 0.134375 0.139844
5 0.835938 0.634375 0.096875 0.125000
2 0.949219 0.640234 0.101562 0.308594
6 0.743750 0.693359 0.165625 0.252344
5 0.617969 0.694922 0.104688 0.152344
8 0.568750 0.809375 0.171875 0.287500
6 0.911719 0.829688 0.176563 0.340625
5 0.050781 0.873047 0.101562 0.208594
5 0.154688 0.953125 0.184375 0.093750
