1 0.521094 0.388672 0.029687 0.039844
5 0.558594 0.403125 0.017188 0.025000
8 0.355469 0.421484 0.032813 0.052344
10 0.292187 0.422266 0.050000 0.091406
5 0.590625 0.424609 0.028125 0.033594
5 0.537500 0.428125 0.025000 0.031250
5 0.496875 0.432422 0.028125 0.039844
5 0.397656 0.439063 0.026562 0.031250
8 0.335156 0.454297 0.042188 0.071094
5 0.626563 0.459766 0.037500 0.047656
5 0.391406 0.475391 0.032813 0.035156
10 0.230469 0.483203 0.089063 0.141406
5 0.567187 0.483203 0.034375 0.053906
5 0.285156 0.525000 0.045312 0.062500
5 0.367969 0.537500 0.045312 0.081250
5 0.627344 0.541016 0.051562 0.053906
5 0.139844 0.543750 0.051562 0.068750
5 0.527344 0.552734 0.032813 0.071094
8 0.749219 0.570312 0.076563 0.093750
10 0.232813 0.602734 0.125000 0.177344
5 0.093750 0.680859 0.071875 0.102344
5 0.331250 0.689063 0.075000 0.093750
5 0.617969 0.781250 0.107813 0.168750
5 0.962500 0.861328 0.075000 0.222656
5 0.882031 0.910937 0.176563 0.178125
5 0.040625 0.932422 0.075000 0.127344
5 0.215625 0.962500 0.131250 0.075000
