5 0.381250 0.341016 0.025000 0.041406
5 0.307812 0.346875 0.034375 0.043750
5 0.341406 0.354297 0.026562 0.046094
5 0.378906 0.372266 0.032813 0.041406
8 0.552344 0.387109 0.051562 0.083594
8 0.628125 0.391016 0.056250 0.078906
5 0.493750 0.419141 0.034375 0.035156
5 0.577344 0.424609 0.045312 0.058594
8 0.706250 0.445703 0.075000 0.103906
5 0.595313 0.447266 0.034375 0.066406
5 0.511719 0.462500 0.057813 0.056250
5 0.518750 0.503125 0.053125 0.062500
8 0.621875 0.507812 0.075000 0.118750
8 0.781250 0.510938 0.109375 0.150000
8 0.667969 0.534766 0.089063 0.172656
5 0.553125 0.566016 0.053125 0.097656
8 0.543750 0.600000 0.090625 0.131250
8 0.744531 0.636328 0.067187 0.135156
2 0.857031 0.694141 0.207813 0.285156
5 0.582031 0.726562 0.117188 0.118750
5 0.614844 0.826953 0.120313 0.141406
2 0.920312 0.838672 0.143750 0.302344
5 0.171094 0.904687 0.170313 0.190625
5 0.649219 0.947266 0.132812 0.103906
