1 0.464062 0.337109 0.043750 0.064844
1 0.525781 0.337500 0.051562 0.081250
5 0.469531 0.359375 0.026562 0.031250
10 0.620313 0.384375 0.062500 0.100000
1 0.564844 0.390234 0.067187 0.108594
5 0.480469 0.395313 0.032813 0.043750
5 0.289062 0.430859 0.046875 0.064844
5 0.652344 0.436328 0.045312 0.060156
5 0.497656 0.438672 0.042188 0.064844
9 0.762500 0.481641 0.159375 0.197656
5 0.514844 0.483984 0.042188 0.071094
5 0.328906 0.510938 0.067187 0.075000
5 0.620313 0.513672 0.068750 0.089844
5 0.525000 0.546875 0.075000 0.106250
8 0.161719 0.553516 0.104688 0.122656
5 0.930469 0.603125 0.107813 0.106250
5 0.704688 0.650000 0.100000 0.131250
5 0.557813 0.655859 0.106250 0.139844
