8 0.316406 0.357812 0.045312 0.068750
9 0.590625 0.360938 0.062500 0.087500
10 0.543750 0.366016 0.046875 0.091406
5 0.257031 0.390625 0.039062 0.050000
5 0.486719 0.391797 0.035937 0.046094
10 0.569531 0.406250 0.051562 0.100000
5 0.503125 0.441016 0.043750 0.060156
12 0.669531 0.452734 0.114062 0.096094
5 0.341406 0.468359 0.051562 0.064844
5 0.536719 0.471484 0.054688 0.064844
4 0.535156 0.556641 0.082812 0.141406
7 0.148438 0.599609 0.121875 0.171094
5 0.957031 0.633984 0.085938 0.127344
10 0.888281 0.681641 0.157812 0.210156
10 0.770312 0.708984 0.168750 0.264844
5 0.608594 0.743359 0.126562 0.183594
