5 0.369531 0.321875 0.023438 0.037500
5 0.564063 0.344922 0.034375 0.039844
5 0.524219 0.357422 0.029687 0.039844
5 0.337500 0.359375 0.031250 0.037500
5 0.580469 0.363672 0.029687 0.027344
5 0.382812 0.368359 0.031250 0.033594
5 0.610156 0.369141 0.032813 0.047656
5 0.485938 0.390625 0.037500 0.043750
5 0.551562 0.391016 0.034375 0.047656
2 0.684375 0.414453 0.109375 0.178906
5 0.320312 0.423828 0.040625 0.047656
2 0.594531 0.440625 0.076563 0.112500
5 0.507031 0.440234 0.051562 0.064844
5 0.518750 0.512891 0.059375 0.072656
5 0.815625 0.608984 0.096875 0.089844
5 0.558594 0.645703 0.085938 0.128906
5 0.710156 0.647266 0.089063 0.116406
