9 0.265625 0.459375 0.071875 0.093750
5 0.328906 0.478516 0.035937 0.047656
9 0.614062 0.509766 0.100000 0.172656
5 0.378906 0.510938 0.045312 0.062500
9 0.172656 0.523828 0.129688 0.147656
5 0.298438 0.524609 0.043750 0.052344
5 0.372656 0.562109 0.051562 0.071094
5 0.266406 0.579297 0.060937 0.083594
8 0.780469 0.597266 0.123438 0.185156
5 0.339062 0.631641 0.068750 0.078906
5 0.574219 0.644141 0.073438 0.097656
10 0.110156 0.751953 0.220312 0.378906
5 0.299219 0.771875 0.117188 0.162500
5 0.777344 0.901563 0.157812 0.196875
