10 0.300000 0.325391 0.043750 0.047656
9 0.344531 0.329297 0.048438 0.071094
11 0.524219 0.342578 0.039062 0.072656
5 0.472656 0.346484 0.029687 0.039844
5 0.385156 0.350391 0.032813 0.041406
11 0.576562 0.358984 0.043750 0.071094
9 0.250781 0.367578 0.082812 0.085156
5 0.367969 0.386328 0.039062 0.047656
3 0.296094 0.396484 0.070312 0.114844
11 0.207813 0.412891 0.062500 0.091406
11 0.339844 0.475000 0.060937 0.075000
5 0.602344 0.476172 0.057813 0.077344
5 0.535937 0.488672 0.056250 0.089844
5 0.105469 0.677734 0.114062 0.152344
5 0.258594 0.773828 0.114062 0.147656
