5 0.357812 0.384766 0.037500 0.035156
5 0.485156 0.403516 0.035937 0.047656
8 0.562500 0.405859 0.034375 0.052344
5 0.376563 0.409766 0.025000 0.028906
5 0.528125 0.412500 0.037500 0.037500
5 0.400000 0.422266 0.021875 0.028906
5 0.363281 0.433203 0.032813 0.041406
5 0.410156 0.448437 0.029687 0.037500
5 0.504687 0.447266 0.040625 0.053906
8 0.332813 0.450000 0.053125 0.081250
5 0.555469 0.448828 0.042188 0.047656
10 0.264062 0.457422 0.084375 0.102344
5 0.622656 0.465625 0.045312 0.062500
8 0.307812 0.491797 0.053125 0.071094
5 0.377344 0.501953 0.060937 0.053906
5 0.592969 0.505078 0.048438 0.072656
10 0.163281 0.533984 0.132812 0.158594
5 0.368750 0.557813 0.065625 0.056250
5 0.544531 0.575000 0.070312 0.106250
5 0.042969 0.619141 0.085938 0.153906
5 0.085156 0.652734 0.095312 0.096094
5 0.316406 0.678516 0.082812 0.128906
10 0.161719 0.712109 0.201563 0.277344
5 0.910937 0.837500 0.150000 0.193750
5 0.051562 0.936328 0.103125 0.110156
5 0.699219 0.935937 0.164062 0.128125
