2 0.242188 0.359375 0.065625 0.068750
6 0.303906 0.365234 0.067187 0.096094
9 0.632812 0.396875 0.081250 0.100000
5 0.552344 0.399609 0.035937 0.046094
5 0.493750 0.418750 0.037500 0.056250
6 0.246094 0.429688 0.104688 0.150000
5 0.589063 0.450000 0.046875 0.056250
8 0.159375 0.461328 0.071875 0.085156
5 0.355469 0.463672 0.045312 0.064844
5 0.630469 0.501563 0.064062 0.081250
10 0.075000 0.539453 0.106250 0.128906
5 0.540625 0.579688 0.071875 0.112500
10 0.871875 0.650391 0.150000 0.203906
5 0.727344 0.706641 0.107813 0.128906
8 0.617969 0.794141 0.126562 0.197656
