10 0.367188 0.396875 0.040625 0.056250
9 0.337500 0.430859 0.065625 0.102344
5 0.400781 0.439063 0.029687 0.031250
5 0.396094 0.461328 0.035937 0.035156
5 0.385937 0.484766 0.034375 0.047656
8 0.244531 0.489063 0.060937 0.081250
10 0.290625 0.497266 0.075000 0.091406
8 0.189844 0.534766 0.079687 0.085156
5 0.371875 0.549609 0.046875 0.071094
8 0.084375 0.599609 0.131250 0.121094
5 0.343750 0.649609 0.071875 0.096094
1 0.146094 0.702734 0.232813 0.302344
5 0.285938 0.809375 0.109375 0.125000
5 0.688281 0.937891 0.151562 0.122656
