9 0.372656 0.394141 0.042188 0.066406
12 0.327344 0.400000 0.045312 0.068750
5 0.520312 0.405078 0.028125 0.035156
5 0.406250 0.429688 0.034375 0.037500
5 0.361719 0.432422 0.032813 0.039844
8 0.290625 0.447266 0.043750 0.060156
5 0.394531 0.458984 0.032813 0.039844
5 0.503125 0.460938 0.037500 0.050000
8 0.235937 0.500391 0.059375 0.078906
7 0.385156 0.512500 0.042188 0.062500
5 0.299219 0.515234 0.048438 0.052344
10 0.658594 0.557813 0.089063 0.156250
5 0.366406 0.577734 0.051562 0.071094
5 0.250781 0.580859 0.057813 0.058594
10 0.094531 0.614062 0.120313 0.156250
5 0.232813 0.659766 0.075000 0.085156
5 0.318750 0.728125 0.093750 0.106250
