5 0.341406 0.308984 0.020313 0.033594
2 0.610156 0.355859 0.073438 0.127344
8 0.551562 0.390625 0.062500 0.106250
5 0.361719 0.408203 0.057813 0.078906
2 0.637500 0.415234 0.090625 0.146094
5 0.575000 0.427734 0.043750 0.064844
5 0.496094 0.430859 0.051562 0.052344
5 0.596094 0.450391 0.048438 0.072656
5 0.510938 0.479687 0.065625 0.075000
8 0.741406 0.493359 0.110937 0.196094
8 0.614062 0.515234 0.062500 0.133594
8 0.104688 0.517188 0.121875 0.137500
5 0.530469 0.518359 0.060937 0.071094
8 0.841406 0.544141 0.142187 0.141406
8 0.677344 0.551562 0.110937 0.206250
5 0.319531 0.556250 0.089063 0.093750
5 0.560156 0.573438 0.070312 0.100000
8 0.534375 0.612500 0.096875 0.131250
8 0.732812 0.643750 0.050000 0.156250
2 0.846094 0.709766 0.226562 0.328906
5 0.585938 0.722266 0.146875 0.166406
2 0.056250 0.826562 0.112500 0.346875
5 0.611719 0.832812 0.157812 0.156250
2 0.921094 0.844141 0.157812 0.310156
5 0.221875 0.942187 0.200000 0.115625
5 0.645312 0.944141 0.168750 0.110156
