5 0.381250 0.340234 0.037500 0.052344
2 0.617188 0.357812 0.084375 0.131250
5 0.481250 0.381250 0.043750 0.056250
8 0.553125 0.385547 0.062500 0.096094
2 0.657031 0.412500 0.092188 0.112500
5 0.364063 0.415234 0.050000 0.071094
5 0.489063 0.415234 0.050000 0.052344
5 0.572656 0.429297 0.054688 0.071094
8 0.187500 0.437500 0.084375 0.118750
5 0.496875 0.450000 0.056250 0.075000
5 0.600781 0.449609 0.070312 0.096094
5 0.339062 0.485938 0.068750 0.100000
2 0.767188 0.487891 0.128125 0.160156
5 0.513281 0.491016 0.070312 0.097656
2 0.762500 0.491797 0.125000 0.158594
2 0.621875 0.506250 0.078125 0.156250
5 0.528125 0.531250 0.071875 0.093750
2 0.673438 0.549609 0.128125 0.208594
2 0.171094 0.573047 0.217188 0.296094
5 0.560156 0.578125 0.089063 0.118750
2 0.885938 0.592187 0.187500 0.225000
8 0.535156 0.626172 0.095312 0.177344
8 0.748437 0.636328 0.096875 0.172656
2 0.852344 0.707422 0.251563 0.389844
5 0.578906 0.728125 0.114062 0.181250
2 0.913281 0.831250 0.173437 0.337500
5 0.612500 0.862891 0.184375 0.235156
5 0.635938 0.943750 0.178125 0.112500
5 0.209375 0.951953 0.168750 0.091406
