10 0.546094 0.372266 0.042188 0.078906
5 0.485938 0.395313 0.034375 0.043750
12 0.629687 0.404687 0.084375 0.087500
5 0.510938 0.408984 0.031250 0.039844
5 0.731250 0.447266 0.056250 0.066406
4 0.503906 0.453516 0.054688 0.103906
8 0.236719 0.479687 0.089063 0.137500
5 0.796875 0.496484 0.068750 0.077344
10 0.641406 0.520703 0.095312 0.153906
5 0.117188 0.523438 0.081250 0.075000
5 0.537500 0.546875 0.071875 0.106250
10 0.766406 0.546484 0.104688 0.139844
11 0.925000 0.680859 0.140625 0.183594
5 0.746875 0.684766 0.112500 0.147656
5 0.595313 0.742578 0.121875 0.185156
