9 0.604688 0.353516 0.053125 0.097656
12 0.549219 0.371875 0.067187 0.100000
6 0.320312 0.378125 0.043750 0.050000
5 0.482812 0.384375 0.037500 0.050000
10 0.222656 0.386328 0.076563 0.097656
5 0.360938 0.422266 0.040625 0.053906
5 0.284375 0.433984 0.046875 0.058594
5 0.499219 0.462891 0.048438 0.078906
9 0.658594 0.500391 0.117188 0.222656
10 0.210938 0.518750 0.106250 0.150000
9 0.880469 0.623437 0.192188 0.200000
5 0.287500 0.682422 0.109375 0.127344
10 0.828906 0.699609 0.173437 0.314844
5 0.578906 0.701953 0.095312 0.153906
5 0.056250 0.837109 0.112500 0.177344
