2 0.533594 0.351172 0.051562 0.089844
8 0.603906 0.381250 0.045312 0.056250
5 0.481250 0.385547 0.031250 0.046094
8 0.235937 0.387109 0.059375 0.077344
5 0.557031 0.416016 0.045312 0.053906
5 0.639844 0.432812 0.048438 0.056250
5 0.502344 0.446484 0.045312 0.058594
8 0.700000 0.462109 0.075000 0.108594
5 0.617188 0.491797 0.062500 0.083594
5 0.518750 0.503125 0.056250 0.075000
5 0.311719 0.532813 0.067187 0.093750
2 0.855469 0.571484 0.254688 0.358594
5 0.576562 0.633984 0.103125 0.146094
2 0.784375 0.721484 0.243750 0.346094
