8 0.296094 0.426953 0.035937 0.053906
8 0.340625 0.440234 0.046875 0.058594
10 0.257031 0.467578 0.051562 0.085156
8 0.657813 0.474609 0.056250 0.096094
9 0.582812 0.478516 0.081250 0.103906
10 0.308594 0.496484 0.054688 0.083594
5 0.388281 0.504687 0.039062 0.050000
5 0.514062 0.504297 0.046875 0.071094
5 0.724219 0.572266 0.067187 0.078906
5 0.366406 0.574609 0.060937 0.077344
9 0.117188 0.573828 0.153125 0.185156
5 0.264062 0.614453 0.065625 0.066406
5 0.613281 0.725391 0.114062 0.147656
5 0.312500 0.773438 0.112500 0.137500
12 0.065625 0.875000 0.128125 0.250000
