5 0.472656 0.363672 0.020313 0.027344
8 0.508594 0.371484 0.026562 0.033594
9 0.325000 0.409375 0.040625 0.056250
5 0.373437 0.410547 0.028125 0.033594
5 0.525000 0.412891 0.037500 0.041406
10 0.285156 0.414453 0.048438 0.053906
5 0.357031 0.437500 0.023438 0.031250
5 0.399219 0.445703 0.035937 0.041406
5 0.517188 0.468359 0.040625 0.052344
10 0.246094 0.473047 0.079687 0.108594
5 0.321094 0.495703 0.035937 0.066406
5 0.389062 0.511328 0.053125 0.060156
10 0.266406 0.520703 0.089063 0.166406
5 0.363281 0.573047 0.070312 0.083594
5 0.324219 0.646484 0.079687 0.096094
9 0.157031 0.650391 0.232813 0.303906
5 0.290625 0.751563 0.109375 0.118750
10 0.059375 0.867188 0.118750 0.265625
5 0.258594 0.906641 0.151562 0.185156
