2 0.371094 0.301172 0.032813 0.052344
7 0.400000 0.310547 0.028125 0.033594
8 0.332031 0.315234 0.029687 0.046094
5 0.385156 0.344141 0.029687 0.035156
8 0.553125 0.387500 0.046875 0.087500
2 0.657813 0.393750 0.093750 0.143750
2 0.222656 0.393750 0.082812 0.112500
5 0.364844 0.397266 0.042188 0.053906
5 0.571094 0.424609 0.032813 0.052344
5 0.595313 0.447266 0.043750 0.066406
5 0.502344 0.462500 0.039062 0.062500
8 0.725000 0.479687 0.100000 0.150000
5 0.517188 0.495312 0.059375 0.081250
8 0.622656 0.509766 0.067187 0.135156
8 0.314063 0.517188 0.059375 0.087500
5 0.530469 0.534766 0.064062 0.085156
8 0.667969 0.549609 0.107813 0.202344
5 0.558594 0.576953 0.070312 0.103906
8 0.143750 0.587109 0.131250 0.171094
8 0.896094 0.609766 0.145313 0.210156
8 0.535937 0.623047 0.081250 0.158594
8 0.764844 0.650391 0.098437 0.160156
2 0.863281 0.733984 0.229687 0.389844
5 0.573438 0.742188 0.100000 0.175000
5 0.613281 0.862500 0.135937 0.206250
5 0.642969 0.950391 0.151562 0.097656
