8 0.344531 0.347266 0.042188 0.053906
2 0.274219 0.349609 0.067187 0.089844
5 0.385156 0.361328 0.032813 0.035156
5 0.379688 0.389453 0.040625 0.053906
8 0.295312 0.419922 0.075000 0.127344
5 0.492188 0.452734 0.050000 0.071094
5 0.702344 0.472266 0.048438 0.091406
5 0.521094 0.475000 0.054688 0.050000
2 0.625781 0.477734 0.142187 0.208594
8 0.214062 0.512500 0.109375 0.131250
2 0.815625 0.516016 0.168750 0.203906
5 0.528125 0.533984 0.062500 0.102344
5 0.545312 0.616797 0.078125 0.133594
5 0.946875 0.654687 0.106250 0.150000
2 0.777344 0.690625 0.251563 0.350000
5 0.257812 0.762891 0.153125 0.191406
5 0.604688 0.769922 0.140625 0.177344
2 0.900781 0.823438 0.198437 0.353125
