8 0.521094 0.375391 0.032813 0.047656
10 0.340625 0.378125 0.034375 0.050000
10 0.318750 0.403516 0.053125 0.078906
5 0.423438 0.405859 0.021875 0.027344
5 0.405469 0.409766 0.023438 0.028906
5 0.531250 0.416797 0.025000 0.033594
5 0.291406 0.417578 0.026562 0.035156
8 0.357031 0.418359 0.042188 0.058594
5 0.396875 0.428516 0.031250 0.035156
5 0.499219 0.430078 0.029687 0.047656
5 0.400781 0.444141 0.032813 0.028906
5 0.253125 0.444922 0.034375 0.039844
8 0.336719 0.455078 0.057813 0.085156
5 0.397656 0.462891 0.039062 0.047656
5 0.261719 0.468359 0.039062 0.052344
5 0.382812 0.492578 0.050000 0.060156
5 0.178906 0.505859 0.042188 0.058594
8 0.221094 0.509766 0.082812 0.103906
5 0.296875 0.516797 0.053125 0.071094
5 0.244531 0.618750 0.085938 0.100000
5 0.342969 0.619141 0.079687 0.103906
5 0.117969 0.651172 0.092188 0.102344
5 0.639062 0.790625 0.109375 0.175000
