9 0.592187 0.337891 0.046875 0.066406
2 0.264062 0.351172 0.071875 0.102344
12 0.539844 0.351562 0.057813 0.081250
8 0.318750 0.380078 0.043750 0.072656
10 0.186719 0.407422 0.092188 0.114844
6 0.293750 0.415234 0.062500 0.071094
5 0.488281 0.421484 0.039062 0.064844
9 0.617969 0.454297 0.092188 0.171094
5 0.253125 0.480859 0.059375 0.071094
5 0.347656 0.481250 0.054688 0.062500
5 0.172656 0.493750 0.064062 0.062500
9 0.773438 0.531250 0.125000 0.143750
5 0.533594 0.553516 0.067187 0.110156
10 0.716406 0.576562 0.120313 0.218750
10 0.106250 0.664062 0.171875 0.218750
