1 0.390625 0.273438 0.028125 0.037500
5 0.399219 0.318359 0.023438 0.033594
2 0.297656 0.331641 0.045312 0.060156
5 0.381250 0.343750 0.028125 0.050000
2 0.338281 0.346875 0.045312 0.081250
2 0.614062 0.378125 0.046875 0.087500
5 0.368750 0.394141 0.040625 0.047656
8 0.290625 0.396875 0.059375 0.081250
2 0.652344 0.405078 0.070312 0.110156
5 0.503125 0.422266 0.050000 0.035156
5 0.584375 0.440625 0.053125 0.062500
8 0.255469 0.444922 0.064062 0.102344
5 0.507031 0.445703 0.048438 0.041406
5 0.785156 0.468750 0.073438 0.062500
8 0.514844 0.477734 0.060937 0.077344
2 0.724219 0.484375 0.073438 0.125000
8 0.621875 0.497266 0.065625 0.135156
2 0.842187 0.528125 0.134375 0.118750
8 0.670312 0.544922 0.100000 0.202344
5 0.328125 0.554688 0.078125 0.087500
5 0.521094 0.579297 0.076563 0.108594
5 0.560156 0.630859 0.082812 0.146094
8 0.744531 0.637109 0.067187 0.146094
2 0.847656 0.691797 0.201563 0.308594
5 0.589063 0.796875 0.115625 0.193750
2 0.924219 0.800000 0.151562 0.250000
2 0.775781 0.941016 0.164062 0.116406
