2 0.277344 0.353516 0.067187 0.103906
5 0.338281 0.361328 0.023438 0.035156
5 0.380469 0.375000 0.029687 0.031250
5 0.483594 0.379297 0.035937 0.046094
2 0.290625 0.400391 0.071875 0.103906
5 0.357031 0.426563 0.045312 0.056250
12 0.603906 0.428516 0.095312 0.160156
11 0.664844 0.437109 0.051562 0.083594
3 0.519531 0.455078 0.085938 0.160156
11 0.729688 0.493359 0.078125 0.133594
5 0.337500 0.496875 0.062500 0.075000
5 0.220312 0.526953 0.075000 0.078906
8 0.050000 0.573828 0.100000 0.160156
5 0.578125 0.610547 0.090625 0.133594
5 0.269531 0.721484 0.110937 0.139844
8 0.060937 0.803516 0.121875 0.178906
