5 0.507812 0.384375 0.021875 0.031250
5 0.481250 0.387109 0.018750 0.027344
5 0.548438 0.387891 0.025000 0.035156
5 0.515625 0.401953 0.021875 0.028906
5 0.568750 0.403516 0.028125 0.035156
5 0.540625 0.423438 0.025000 0.037500
5 0.416406 0.425391 0.017188 0.035156
5 0.488281 0.425391 0.026562 0.035156
10 0.275781 0.437500 0.051562 0.093750
8 0.345313 0.437109 0.040625 0.064844
8 0.615625 0.441016 0.037500 0.053906
5 0.389844 0.462500 0.032813 0.037500
8 0.323437 0.464062 0.043750 0.081250
5 0.594531 0.470703 0.045312 0.053906
5 0.510938 0.473438 0.031250 0.050000
10 0.203906 0.503516 0.114062 0.147656
5 0.592969 0.506641 0.042188 0.053906
5 0.382812 0.512109 0.034375 0.046094
5 0.346875 0.587109 0.050000 0.083594
5 0.694531 0.605078 0.073438 0.110156
5 0.052344 0.632812 0.085938 0.106250
10 0.196875 0.647266 0.162500 0.203906
5 0.593750 0.705859 0.087500 0.146094
5 0.978906 0.811328 0.042188 0.160156
5 0.046094 0.819141 0.089063 0.128906
5 0.291406 0.846484 0.076563 0.158594
5 0.928125 0.937500 0.121875 0.125000
