5 0.486719 0.409375 0.023438 0.031250
10 0.354687 0.416016 0.046875 0.066406
5 0.565625 0.418359 0.028125 0.039844
9 0.299219 0.430859 0.045312 0.071094
9 0.252344 0.451953 0.073438 0.078906
5 0.392188 0.468359 0.037500 0.046094
5 0.330469 0.474609 0.039062 0.052344
5 0.523438 0.474609 0.034375 0.052344
5 0.380469 0.485547 0.035937 0.033594
5 0.310156 0.500391 0.042188 0.053906
5 0.375000 0.504687 0.040625 0.062500
5 0.291406 0.540625 0.042188 0.068750
5 0.370312 0.553516 0.046875 0.060156
10 0.195312 0.598437 0.165625 0.225000
5 0.345313 0.605859 0.059375 0.058594
10 0.067187 0.618750 0.134375 0.193750
5 0.332031 0.669922 0.085938 0.114844
5 0.577344 0.687109 0.085938 0.152344
5 0.290625 0.762891 0.106250 0.135156
