5 0.342969 0.364453 0.039062 0.053906
8 0.231250 0.387500 0.071875 0.081250
2 0.666406 0.412500 0.101562 0.118750
5 0.355469 0.453516 0.051562 0.078906
5 0.603125 0.454688 0.065625 0.087500
5 0.511719 0.462500 0.064062 0.062500
5 0.519531 0.487891 0.048438 0.066406
5 0.635156 0.509375 0.085938 0.125000
5 0.275000 0.529297 0.065625 0.083594
5 0.530469 0.530078 0.060937 0.072656
2 0.889062 0.599609 0.221875 0.383594
5 0.586719 0.606250 0.082812 0.118750
8 0.713281 0.605078 0.145313 0.222656
8 0.550000 0.656641 0.084375 0.166406
5 0.619531 0.900000 0.145313 0.200000
