8 0.596094 0.362109 0.060937 0.083594
8 0.556250 0.388672 0.053125 0.089844
8 0.639062 0.393750 0.062500 0.087500
8 0.254688 0.401953 0.059375 0.103906
5 0.492969 0.404687 0.029687 0.025000
5 0.501563 0.424609 0.040625 0.027344
5 0.574219 0.423828 0.035937 0.047656
5 0.596094 0.434375 0.032813 0.043750
8 0.696094 0.440234 0.085938 0.127344
5 0.503906 0.448437 0.035937 0.025000
8 0.329688 0.483984 0.093750 0.177344
8 0.518750 0.500391 0.056250 0.091406
8 0.221875 0.501563 0.065625 0.106250
8 0.635156 0.514062 0.098437 0.131250
8 0.792188 0.547266 0.112500 0.085156
8 0.672656 0.553125 0.104688 0.187500
5 0.534375 0.596875 0.068750 0.118750
2 0.936719 0.611328 0.126562 0.135156
8 0.737500 0.639453 0.062500 0.141406
2 0.851562 0.696875 0.200000 0.312500
5 0.582031 0.741016 0.092188 0.178906
2 0.928125 0.843750 0.143750 0.312500
5 0.642188 0.931641 0.146875 0.135156
