11 0.603125 0.376953 0.037500 0.066406
5 0.377344 0.384375 0.035937 0.056250
5 0.495312 0.397266 0.037500 0.060156
5 0.314063 0.400391 0.037500 0.047656
5 0.359375 0.457813 0.043750 0.056250
2 0.150781 0.457813 0.154688 0.206250
5 0.264062 0.484766 0.059375 0.078906
5 0.605469 0.506250 0.064062 0.087500
5 0.334375 0.544141 0.068750 0.085156
10 0.699219 0.560937 0.120313 0.212500
11 0.842969 0.600391 0.107813 0.141406
4 0.550000 0.602734 0.078125 0.139844
10 0.791406 0.694141 0.139063 0.210156
2 0.086719 0.715625 0.173437 0.343750
5 0.233594 0.803125 0.135937 0.181250
5 0.629687 0.877734 0.137500 0.208594
