8 0.336719 0.306641 0.029687 0.041406
8 0.364063 0.318359 0.025000 0.046094
5 0.399219 0.321875 0.023438 0.031250
8 0.300000 0.361328 0.043750 0.060156
8 0.603906 0.368750 0.051562 0.068750
8 0.646094 0.396484 0.060937 0.077344
5 0.493750 0.405078 0.040625 0.022656
2 0.353125 0.421484 0.059375 0.089844
5 0.502344 0.425000 0.035937 0.025000
5 0.576562 0.432812 0.034375 0.056250
8 0.271094 0.437109 0.057813 0.083594
5 0.505469 0.445312 0.042188 0.018750
8 0.697656 0.446484 0.079687 0.133594
5 0.597656 0.447266 0.042188 0.066406
5 0.514844 0.462500 0.042188 0.025000
8 0.619531 0.508203 0.060937 0.128906
8 0.512500 0.518359 0.059375 0.102344
8 0.672656 0.552734 0.104688 0.221094
5 0.553125 0.625000 0.096875 0.112500
2 0.953125 0.625000 0.093750 0.125000
8 0.740625 0.642188 0.053125 0.150000
2 0.850781 0.724609 0.204687 0.396094
5 0.587500 0.781641 0.109375 0.197656
2 0.929688 0.850000 0.140625 0.300000
5 0.646094 0.942187 0.160938 0.115625
