5 0.475781 0.357812 0.035937 0.031250
3 0.543750 0.369922 0.056250 0.089844
5 0.479687 0.384375 0.031250 0.037500
9 0.660156 0.396875 0.095312 0.118750
5 0.492969 0.407813 0.039062 0.031250
5 0.546094 0.419922 0.023438 0.052344
3 0.594531 0.440234 0.095312 0.164844
5 0.499219 0.447266 0.051562 0.053906
5 0.513281 0.486328 0.060937 0.060156
3 0.107813 0.496484 0.156250 0.183594
5 0.337500 0.509375 0.056250 0.068750
5 0.524219 0.531250 0.067187 0.081250
9 0.720313 0.567578 0.165625 0.285156
5 0.801562 0.568359 0.071875 0.114844
5 0.548438 0.601562 0.084375 0.118750
5 0.904687 0.681641 0.112500 0.135156
5 0.628906 0.814453 0.145313 0.241406
