6 0.271094 0.362500 0.060937 0.081250
5 0.336719 0.362109 0.026562 0.039844
5 0.492969 0.401953 0.042188 0.041406
8 0.564063 0.406641 0.053125 0.091406
5 0.364844 0.408203 0.048438 0.053906
5 0.648438 0.422266 0.043750 0.047656
5 0.489063 0.425391 0.034375 0.047656
5 0.695312 0.454297 0.053125 0.058594
5 0.506250 0.459375 0.046875 0.062500
5 0.596875 0.462109 0.050000 0.064844
5 0.521875 0.512891 0.053125 0.072656
6 0.835938 0.562891 0.196875 0.222656
5 0.546094 0.627734 0.089063 0.121094
5 0.752344 0.705859 0.120313 0.158594
8 0.960156 0.773438 0.079687 0.187500
5 0.241406 0.782813 0.123438 0.156250
5 0.627344 0.842187 0.126562 0.187500
