5 0.490625 0.419141 0.025000 0.035156
9 0.307031 0.421484 0.042188 0.064844
9 0.263281 0.446484 0.067187 0.077344
5 0.663281 0.510547 0.045312 0.058594
5 0.378125 0.512109 0.043750 0.064844
5 0.526563 0.518750 0.050000 0.075000
5 0.372656 0.550391 0.045312 0.066406
10 0.213281 0.578516 0.145313 0.210156
10 0.130469 0.578516 0.126562 0.178906
5 0.350000 0.601172 0.056250 0.064844
5 0.328906 0.666797 0.085938 0.121094
5 0.291406 0.759766 0.104688 0.141406
10 0.088281 0.806250 0.176563 0.387500
5 0.723437 0.928125 0.165625 0.143750
5 0.250000 0.931641 0.146875 0.135156
