5 0.401562 0.304688 0.021875 0.037500
5 0.333594 0.305859 0.035937 0.052344
5 0.363281 0.314063 0.029687 0.043750
5 0.509375 0.336328 0.018750 0.035156
5 0.471094 0.337109 0.026562 0.033594
5 0.513281 0.344922 0.001563 0.002344
8 0.533594 0.347266 0.017188 0.047656
5 0.479687 0.349609 0.009375 0.002344
8 0.251563 0.355859 0.018750 0.002344
5 0.390625 0.356641 0.046875 0.047656
5 0.335156 0.358984 0.039062 0.052344
8 0.317188 0.396875 0.053125 0.075000
2 0.235937 0.398047 0.068750 0.121094
2 0.643750 0.398828 0.062500 0.135156
5 0.375000 0.406250 0.046875 0.050000
8 0.257812 0.407813 0.009375 0.006250
2 0.587500 0.409375 0.068750 0.150000
5 0.699219 0.425000 0.042188 0.062500
2 0.707812 0.430859 0.009375 0.008594
2 0.702344 0.437891 0.014063 0.003906
8 0.274219 0.440625 0.057813 0.093750
1 0.512500 0.446875 0.096875 0.162500
5 0.793750 0.483984 0.056250 0.089844
5 0.732031 0.526563 0.089063 0.118750
5 0.317969 0.550391 0.079687 0.135156
8 0.190625 0.560547 0.100000 0.171094
5 0.059375 0.575391 0.006250 0.016406
5 0.067187 0.593359 0.100000 0.114844
5 0.989062 0.640625 0.021875 0.106250
5 0.926562 0.680078 0.140625 0.210156
8 0.876563 0.715234 0.003125 0.014844
