8 0.339844 0.300000 0.032813 0.050000
2 0.371094 0.301953 0.039062 0.066406
5 0.401562 0.316016 0.021875 0.028906
8 0.313281 0.355078 0.051562 0.072656
8 0.360938 0.393359 0.062500 0.127344
8 0.647656 0.403125 0.064062 0.100000
8 0.282813 0.422266 0.050000 0.066406
8 0.702344 0.451172 0.092188 0.152344
8 0.621875 0.513672 0.065625 0.152344
8 0.517188 0.530859 0.071875 0.127344
8 0.667188 0.550391 0.106250 0.210156
2 0.953906 0.623047 0.092188 0.133594
8 0.730469 0.643359 0.051562 0.152344
5 0.542188 0.644141 0.096875 0.147656
2 0.858594 0.704688 0.239063 0.337500
5 0.597656 0.800000 0.135937 0.218750
2 0.926562 0.844141 0.146875 0.310156
5 0.653125 0.941016 0.193750 0.116406
