5 0.489844 0.347266 0.010937 0.010156
8 0.511719 0.349609 0.020313 0.027344
5 0.470313 0.355078 0.012500 0.022656
5 0.492188 0.369141 0.015625 0.028906
9 0.532031 0.368750 0.029687 0.050000
5 0.477344 0.374609 0.010937 0.014844
5 0.489844 0.393750 0.023438 0.025000
5 0.365625 0.421875 0.021875 0.037500
5 0.405469 0.423047 0.026562 0.033594
5 0.491406 0.425000 0.029687 0.037500
10 0.316406 0.455859 0.073438 0.114844
5 0.570312 0.459375 0.043750 0.068750
5 0.393750 0.462891 0.043750 0.028906
8 0.248438 0.473047 0.056250 0.071094
5 0.388281 0.499609 0.051562 0.052344
10 0.626563 0.525000 0.075000 0.131250
5 0.556250 0.587500 0.062500 0.093750
5 0.333594 0.634375 0.070312 0.118750
9 0.171094 0.637500 0.207813 0.287500
5 0.295312 0.747266 0.100000 0.135156
10 0.064844 0.868750 0.120313 0.262500
5 0.257812 0.899609 0.112500 0.171094
