9 0.345313 0.421875 0.062500 0.087500
5 0.400781 0.439063 0.029687 0.031250
5 0.503125 0.444141 0.031250 0.041406
8 0.275000 0.456641 0.046875 0.060156
5 0.396094 0.461328 0.035937 0.035156
10 0.311719 0.473047 0.064062 0.083594
5 0.387500 0.478516 0.034375 0.047656
10 0.647656 0.480859 0.054688 0.083594
8 0.225000 0.490234 0.046875 0.058594
5 0.380469 0.517578 0.035937 0.047656
8 0.167187 0.548047 0.081250 0.108594
5 0.363281 0.581250 0.060937 0.075000
1 0.226562 0.596875 0.153125 0.206250
5 0.560156 0.597266 0.070312 0.097656
10 0.056250 0.668359 0.112500 0.177344
5 0.317969 0.691797 0.079687 0.096094
5 0.264844 0.862109 0.129688 0.164844
