6 0.278906 0.393359 0.082812 0.121094
5 0.489844 0.398047 0.035937 0.046094
5 0.377344 0.398828 0.035937 0.047656
8 0.211719 0.410938 0.054688 0.062500
5 0.567969 0.426172 0.042188 0.052344
9 0.663281 0.425391 0.089063 0.110156
5 0.503125 0.447266 0.043750 0.060156
10 0.159375 0.459766 0.071875 0.097656
5 0.616406 0.491016 0.057813 0.066406
10 0.060156 0.545312 0.120313 0.143750
5 0.675781 0.568359 0.082812 0.108594
5 0.292187 0.692187 0.096875 0.125000
5 0.575781 0.701562 0.098437 0.156250
5 0.860938 0.915625 0.168750 0.168750
