5 0.502344 0.378516 0.023438 0.041406
5 0.492969 0.408984 0.026562 0.046094
10 0.279687 0.431641 0.050000 0.066406
5 0.350781 0.448828 0.029687 0.035156
5 0.391406 0.460547 0.039062 0.046094
10 0.226562 0.466797 0.081250 0.083594
5 0.377344 0.528125 0.048438 0.068750
10 0.249219 0.533984 0.120313 0.164844
5 0.353906 0.587500 0.070312 0.075000
9 0.154688 0.655078 0.212500 0.322656
5 0.326562 0.662500 0.090625 0.106250
5 0.030469 0.684766 0.060937 0.097656
5 0.289062 0.756641 0.106250 0.141406
10 0.059375 0.875000 0.118750 0.250000
5 0.259375 0.910937 0.153125 0.178125
