5 0.377344 0.381250 0.035937 0.043750
9 0.637500 0.383984 0.062500 0.102344
5 0.263281 0.389062 0.039062 0.043750
5 0.495312 0.400000 0.034375 0.043750
3 0.578125 0.401953 0.071875 0.116406
5 0.516406 0.474609 0.054688 0.064844
9 0.739844 0.497266 0.126562 0.172656
5 0.333594 0.500000 0.060937 0.081250
11 0.632031 0.512891 0.076563 0.135156
5 0.539062 0.568359 0.065625 0.089844
10 0.721875 0.606250 0.137500 0.268750
5 0.935156 0.624609 0.101562 0.114844
5 0.617969 0.787109 0.123438 0.183594
10 0.898438 0.837891 0.203125 0.322656
