8 0.338281 0.398438 0.026562 0.037500
8 0.308594 0.427734 0.035937 0.046094
5 0.355469 0.428516 0.029687 0.035156
7 0.402344 0.444922 0.029687 0.039844
5 0.329688 0.452734 0.028125 0.027344
5 0.393750 0.480078 0.037500 0.047656
5 0.332031 0.481641 0.035937 0.041406
10 0.223438 0.493359 0.065625 0.096094
10 0.282813 0.529297 0.071875 0.108594
5 0.379688 0.541016 0.050000 0.060156
10 0.746875 0.544922 0.109375 0.164844
8 0.159375 0.547266 0.081250 0.103906
10 0.063281 0.649609 0.126562 0.196094
8 0.150000 0.700391 0.143750 0.191406
5 0.310156 0.791016 0.098437 0.141406
