2 0.535937 0.358984 0.059375 0.096094
5 0.487500 0.369141 0.043750 0.047656
5 0.479687 0.381250 0.028125 0.018750
8 0.554688 0.384766 0.046875 0.066406
5 0.364063 0.391797 0.034375 0.046094
8 0.650000 0.415625 0.062500 0.087500
5 0.573438 0.425391 0.040625 0.047656
5 0.497656 0.437109 0.042188 0.064844
5 0.596094 0.459766 0.042188 0.085156
5 0.514062 0.484375 0.046875 0.075000
8 0.125000 0.492578 0.134375 0.147656
8 0.746094 0.498828 0.092188 0.160156
5 0.348438 0.506250 0.081250 0.112500
8 0.628125 0.516016 0.071875 0.135156
5 0.533594 0.519141 0.054688 0.060156
2 0.828906 0.540234 0.117188 0.152344
8 0.667188 0.559375 0.106250 0.187500
5 0.559375 0.576953 0.065625 0.103906
8 0.550000 0.626172 0.106250 0.152344
8 0.746094 0.627734 0.057813 0.139844
5 0.285156 0.718359 0.126562 0.158594
5 0.581250 0.725391 0.100000 0.147656
2 0.856250 0.733984 0.231250 0.389844
2 0.095312 0.775000 0.190625 0.450000
2 0.931250 0.841016 0.137500 0.316406
5 0.611719 0.850000 0.167187 0.187500
5 0.655469 0.956250 0.192188 0.087500
