10 0.528125 0.390234 0.034375 0.064844
10 0.335938 0.393359 0.034375 0.058594
10 0.368750 0.403516 0.037500 0.053906
9 0.292187 0.415625 0.062500 0.093750
5 0.486719 0.420312 0.026562 0.031250
5 0.409375 0.426172 0.028125 0.039844
8 0.607812 0.450000 0.043750 0.050000
5 0.401562 0.459766 0.037500 0.041406
12 0.233594 0.482422 0.092188 0.139844
9 0.299219 0.485938 0.089063 0.137500
5 0.375000 0.512891 0.046875 0.053906
5 0.357031 0.581250 0.064062 0.081250
8 0.125781 0.615234 0.110937 0.139844
5 0.232813 0.632812 0.084375 0.093750
7 0.336719 0.677734 0.079687 0.114844
5 0.300781 0.821484 0.114062 0.146094
