5 0.388281 0.348438 0.029687 0.037500
5 0.478906 0.353516 0.045312 0.047656
2 0.307031 0.371484 0.048438 0.083594
8 0.621875 0.376953 0.056250 0.091406
5 0.492188 0.399609 0.031250 0.021094
8 0.660156 0.405859 0.064062 0.096094
5 0.365625 0.418750 0.043750 0.056250
5 0.501563 0.420312 0.037500 0.031250
5 0.592969 0.434766 0.039062 0.041406
5 0.506250 0.444922 0.046875 0.027344
2 0.739844 0.482812 0.095312 0.118750
8 0.510938 0.493359 0.059375 0.083594
8 0.622656 0.503125 0.064062 0.112500
2 0.878125 0.559375 0.168750 0.125000
2 0.669531 0.562109 0.114062 0.202344
5 0.522656 0.571875 0.060937 0.100000
8 0.746875 0.634375 0.071875 0.143750
5 0.561719 0.651953 0.082812 0.141406
2 0.856250 0.716797 0.218750 0.333594
2 0.925781 0.842187 0.148438 0.315625
5 0.613281 0.878125 0.132812 0.218750
