1 0.321094 0.384766 0.064062 0.103906
5 0.364844 0.421875 0.067187 0.075000
2 0.610938 0.480859 0.050000 0.089844
5 0.332813 0.517188 0.065625 0.075000
5 0.511719 0.532422 0.060937 0.089844
2 0.664844 0.540625 0.101562 0.193750
2 0.871875 0.544141 0.221875 0.222656
5 0.539062 0.568359 0.084375 0.089844
5 0.557813 0.664453 0.090625 0.128906
2 0.851562 0.691016 0.203125 0.316406
2 0.083594 0.714453 0.167187 0.328906
5 0.703125 0.829688 0.140625 0.262500
2 0.916406 0.834375 0.167187 0.331250
8 0.228125 0.875391 0.159375 0.247656
5 0.592969 0.925000 0.107813 0.150000
