3 0.617969 0.383984 0.073438 0.096094
5 0.546094 0.391016 0.032813 0.041406
5 0.485938 0.394922 0.037500 0.039844
5 0.298438 0.421875 0.037500 0.043750
5 0.559375 0.421484 0.031250 0.052344
5 0.494531 0.431641 0.039062 0.053906
11 0.599219 0.437500 0.060937 0.093750
5 0.529687 0.469141 0.050000 0.066406
5 0.611719 0.505859 0.064062 0.089844
5 0.803125 0.526563 0.084375 0.093750
11 0.692969 0.583203 0.076563 0.128906
5 0.832812 0.617578 0.071875 0.097656
5 0.567969 0.670703 0.092188 0.141406
11 0.764844 0.680859 0.142187 0.246094
5 0.690625 0.931641 0.165625 0.135156
