5 0.367969 0.421484 0.023438 0.039844
5 0.563281 0.437109 0.035937 0.046094
5 0.404687 0.437891 0.018750 0.035156
5 0.505469 0.450000 0.032813 0.043750
5 0.397656 0.456250 0.023438 0.043750
5 0.346094 0.456250 0.029687 0.050000
8 0.313281 0.477734 0.057813 0.096094
10 0.229687 0.481641 0.084375 0.128906
5 0.401562 0.491797 0.031250 0.058594
5 0.615625 0.521875 0.050000 0.075000
5 0.692969 0.529297 0.057813 0.071094
8 0.264844 0.550391 0.070312 0.122656
5 0.349219 0.571484 0.064062 0.089844
10 0.096875 0.596875 0.165625 0.218750
5 0.339062 0.655859 0.071875 0.102344
5 0.722656 0.714063 0.092188 0.118750
5 0.586719 0.714453 0.082812 0.141406
10 0.097656 0.788672 0.195312 0.327344
5 0.262500 0.869922 0.109375 0.202344
