2 0.589844 0.337500 0.057813 0.087500
2 0.533594 0.349609 0.054688 0.108594
8 0.294531 0.354297 0.042188 0.058594
1 0.483594 0.362109 0.054688 0.096094
5 0.379688 0.369141 0.031250 0.041406
5 0.494531 0.421875 0.048438 0.056250
5 0.288281 0.428516 0.035937 0.060156
5 0.363281 0.434375 0.039062 0.056250
2 0.611719 0.457422 0.114062 0.189844
8 0.258594 0.459375 0.054688 0.087500
8 0.171094 0.465625 0.085938 0.106250
2 0.738281 0.482422 0.135937 0.177344
5 0.308594 0.578516 0.089063 0.091406
8 0.942969 0.691016 0.114062 0.260156
5 0.587500 0.696484 0.096875 0.164844
5 0.821094 0.780859 0.145313 0.202344
