8 0.293750 0.426172 0.043750 0.052344
8 0.337500 0.446875 0.040625 0.062500
8 0.638281 0.453516 0.048438 0.078906
10 0.256250 0.469922 0.056250 0.102344
5 0.502344 0.471875 0.042188 0.056250
9 0.579688 0.473828 0.075000 0.097656
10 0.303125 0.499609 0.059375 0.089844
5 0.385937 0.505859 0.040625 0.058594
5 0.695312 0.540625 0.053125 0.068750
5 0.364063 0.583984 0.065625 0.077344
9 0.103906 0.593359 0.164062 0.189844
5 0.570312 0.618750 0.068750 0.100000
5 0.250781 0.634766 0.070312 0.078906
5 0.300781 0.806250 0.110937 0.143750
