5 0.360156 0.396875 0.039062 0.043750
8 0.664844 0.422266 0.064062 0.110156
5 0.592187 0.449609 0.046875 0.071094
5 0.497656 0.453125 0.042188 0.062500
2 0.259375 0.452734 0.109375 0.152344
5 0.513281 0.481641 0.054688 0.072656
8 0.767188 0.494141 0.093750 0.122656
8 0.624219 0.511328 0.060937 0.135156
5 0.530469 0.513672 0.051562 0.052344
8 0.670312 0.543750 0.093750 0.206250
5 0.331250 0.556641 0.075000 0.091406
5 0.558594 0.576562 0.070312 0.118750
2 0.908594 0.602734 0.167187 0.183594
8 0.535156 0.625000 0.079687 0.156250
8 0.754687 0.631250 0.071875 0.143750
5 0.203906 0.679688 0.104688 0.125000
2 0.857812 0.717578 0.215625 0.347656
5 0.577344 0.730078 0.104688 0.160156
5 0.614062 0.860938 0.140625 0.212500
