8 0.373437 0.370703 0.031250 0.041406
8 0.655469 0.420703 0.067187 0.103906
5 0.598437 0.445312 0.040625 0.056250
8 0.150000 0.471484 0.071875 0.096094
5 0.513281 0.475391 0.045312 0.060156
5 0.348438 0.478125 0.059375 0.087500
8 0.748437 0.486328 0.093750 0.147656
5 0.532813 0.523047 0.053125 0.058594
8 0.664844 0.522266 0.132812 0.153906
8 0.667188 0.546484 0.093750 0.202344
8 0.849219 0.565625 0.139063 0.200000
5 0.325000 0.566016 0.103125 0.141406
5 0.558594 0.569922 0.057813 0.114844
8 0.532813 0.623047 0.068750 0.158594
2 0.115625 0.708984 0.203125 0.452344
5 0.583594 0.721875 0.114062 0.150000
2 0.850781 0.740625 0.232813 0.381250
5 0.614844 0.838672 0.120313 0.152344
2 0.929688 0.843750 0.128125 0.287500
5 0.636719 0.953125 0.107813 0.093750
