8 0.336719 0.405078 0.026562 0.035156
5 0.372656 0.411328 0.026562 0.035156
5 0.413281 0.415625 0.026562 0.031250
5 0.293750 0.430078 0.028125 0.035156
5 0.493750 0.437109 0.034375 0.046094
5 0.353125 0.444922 0.034375 0.039844
5 0.555469 0.453125 0.032813 0.043750
5 0.400781 0.453516 0.032813 0.041406
5 0.332813 0.476562 0.037500 0.056250
10 0.203906 0.498047 0.098437 0.133594
5 0.385937 0.500391 0.037500 0.053906
8 0.293750 0.504687 0.065625 0.100000
5 0.395313 0.534375 0.050000 0.075000
5 0.706250 0.556250 0.065625 0.087500
5 0.546094 0.558203 0.060937 0.078906
8 0.207031 0.619922 0.104688 0.152344
5 0.329688 0.637109 0.068750 0.108594
10 0.068750 0.637891 0.137500 0.228906
5 0.307812 0.755859 0.096875 0.121094
10 0.092969 0.826562 0.185938 0.346875
5 0.234375 0.931250 0.150000 0.137500
