9 0.490625 0.346875 0.018750 0.037500
5 0.469531 0.362109 0.010937 0.014844
10 0.343750 0.384375 0.034375 0.056250
8 0.366406 0.406250 0.029687 0.043750
5 0.400000 0.407813 0.025000 0.018750
8 0.313281 0.417578 0.042188 0.060156
5 0.284375 0.421875 0.025000 0.025000
5 0.398438 0.428516 0.028125 0.028906
10 0.343750 0.443359 0.043750 0.071094
5 0.559375 0.449609 0.034375 0.046094
5 0.400000 0.454297 0.031250 0.033594
5 0.281250 0.457422 0.034375 0.039844
5 0.392188 0.470703 0.034375 0.041406
5 0.323437 0.476172 0.037500 0.052344
5 0.378125 0.494922 0.037500 0.052344
5 0.279687 0.514062 0.043750 0.056250
5 0.273438 0.561328 0.059375 0.072656
5 0.354687 0.569141 0.059375 0.085156
9 0.112500 0.569922 0.162500 0.189844
5 0.067187 0.587500 0.065625 0.056250
5 0.217188 0.662500 0.078125 0.093750
5 0.250781 0.937500 0.145313 0.125000
