10 0.546094 0.372266 0.042188 0.078906
5 0.482812 0.390625 0.034375 0.043750
5 0.506250 0.404297 0.034375 0.033594
12 0.623437 0.408203 0.075000 0.078906
5 0.711719 0.437500 0.051562 0.056250
4 0.499219 0.447266 0.054688 0.103906
5 0.768750 0.478125 0.062500 0.068750
10 0.625000 0.505078 0.087500 0.135156
8 0.203125 0.528125 0.103125 0.156250
5 0.531250 0.531250 0.071875 0.106250
10 0.751563 0.543359 0.100000 0.127344
5 0.068750 0.573438 0.090625 0.087500
5 0.718750 0.652734 0.100000 0.133594
11 0.889844 0.656641 0.123438 0.166406
5 0.581250 0.707422 0.103125 0.164844
