5 0.396094 0.321875 0.029687 0.037500
1 0.467187 0.330859 0.043750 0.064844
1 0.516406 0.337500 0.051562 0.081250
5 0.376563 0.359375 0.034375 0.050000
5 0.469531 0.359375 0.026562 0.031250
5 0.335156 0.367188 0.035937 0.050000
2 0.600000 0.367188 0.062500 0.100000
5 0.479687 0.368750 0.034375 0.037500
1 0.549219 0.374609 0.067187 0.108594
5 0.249219 0.383984 0.064062 0.077344
5 0.480469 0.395313 0.032813 0.043750
5 0.488281 0.407813 0.032813 0.031250
5 0.553125 0.414062 0.040625 0.043750
5 0.629687 0.412891 0.031250 0.047656
2 0.707031 0.431641 0.123438 0.135156
5 0.497656 0.434375 0.051562 0.056250
5 0.582031 0.456641 0.051562 0.078906
5 0.614062 0.515625 0.062500 0.087500
5 0.521094 0.537500 0.067187 0.106250
1 0.839063 0.746875 0.321875 0.506250
5 0.609375 0.784375 0.134375 0.200000
