5 0.325000 0.387500 0.025000 0.031250
5 0.414844 0.408984 0.017188 0.027344
5 0.369531 0.414453 0.023438 0.041406
5 0.489063 0.415625 0.015625 0.025000
5 0.404687 0.437891 0.018750 0.035156
5 0.348438 0.446875 0.025000 0.056250
5 0.397656 0.456250 0.023438 0.043750
10 0.230469 0.461328 0.070312 0.110156
8 0.314844 0.473047 0.057813 0.096094
5 0.514062 0.476172 0.037500 0.052344
5 0.596094 0.479297 0.035937 0.046094
5 0.401562 0.480859 0.031250 0.058594
8 0.277344 0.519141 0.070312 0.122656
5 0.352344 0.568359 0.064062 0.089844
10 0.119531 0.576562 0.157812 0.193750
5 0.680469 0.623437 0.089063 0.137500
5 0.348438 0.624609 0.062500 0.083594
5 0.782813 0.632422 0.090625 0.114844
10 0.110937 0.781250 0.221875 0.318750
5 0.269531 0.837109 0.120313 0.164844
