9 0.316406 0.400000 0.057813 0.087500
5 0.413281 0.415625 0.026562 0.037500
5 0.492188 0.421875 0.028125 0.037500
9 0.331250 0.441797 0.068750 0.096094
5 0.408594 0.443359 0.029687 0.033594
12 0.271875 0.446484 0.071875 0.108594
5 0.513281 0.460938 0.032813 0.050000
5 0.392188 0.474609 0.034375 0.046094
10 0.599219 0.479297 0.073438 0.133594
5 0.521094 0.501953 0.039062 0.066406
5 0.303906 0.521484 0.054688 0.064844
5 0.373437 0.533984 0.050000 0.058594
8 0.204687 0.535547 0.071875 0.096094
5 0.118750 0.562109 0.071875 0.071094
7 0.355469 0.616016 0.067187 0.097656
8 0.089844 0.658984 0.120313 0.139844
5 0.570312 0.664062 0.075000 0.106250
5 0.321875 0.743750 0.090625 0.125000
5 0.145313 0.772266 0.115625 0.122656
8 0.909375 0.800391 0.181250 0.203906
