5 0.400000 0.318750 0.028125 0.037500
5 0.360938 0.325391 0.031250 0.028906
8 0.298438 0.331250 0.056250 0.087500
5 0.382812 0.353125 0.040625 0.050000
2 0.539062 0.364063 0.062500 0.093750
5 0.638281 0.409766 0.042188 0.060156
8 0.578125 0.428125 0.084375 0.125000
5 0.674219 0.440625 0.057813 0.081250
5 0.353906 0.444141 0.054688 0.078906
5 0.515625 0.486328 0.068750 0.085156
5 0.763281 0.499609 0.073438 0.096094
5 0.619531 0.503125 0.070312 0.093750
5 0.538281 0.568359 0.079687 0.102344
2 0.888281 0.644922 0.223438 0.302344
5 0.566406 0.709375 0.114062 0.181250
5 0.848437 0.871875 0.178125 0.225000
5 0.146875 0.926562 0.262500 0.146875
