1 0.464062 0.337109 0.043750 0.064844
1 0.525781 0.337500 0.051562 0.081250
5 0.469531 0.359375 0.026562 0.031250
5 0.375781 0.366797 0.032813 0.046094
5 0.484375 0.396484 0.034375 0.046094
8 0.293750 0.403516 0.046875 0.066406
8 0.640625 0.407813 0.056250 0.093750
1 0.578125 0.415234 0.084375 0.127344
8 0.218750 0.421484 0.053125 0.089844
5 0.721875 0.437500 0.053125 0.075000
5 0.503125 0.453516 0.050000 0.078906
5 0.671094 0.464453 0.057813 0.066406
8 0.330469 0.525000 0.060937 0.093750
5 0.530469 0.537109 0.060937 0.096094
9 0.848437 0.550391 0.215625 0.285156
8 0.067969 0.570312 0.092188 0.106250
5 0.682813 0.602734 0.093750 0.133594
5 0.564844 0.673828 0.089063 0.160156
5 0.252344 0.725391 0.104688 0.128906
5 0.666406 0.901563 0.164062 0.196875
