8 0.581250 0.418359 0.040625 0.046094
5 0.542969 0.422266 0.035937 0.041406
5 0.494531 0.426563 0.042188 0.043750
5 0.414844 0.435937 0.039062 0.050000
5 0.548438 0.446484 0.037500 0.046094
8 0.343750 0.446484 0.046875 0.077344
10 0.263281 0.451562 0.082812 0.106250
8 0.322656 0.474609 0.067187 0.096094
5 0.382812 0.484375 0.065625 0.050000
5 0.591406 0.493750 0.054688 0.062500
5 0.527344 0.513672 0.054688 0.077344
10 0.183594 0.517188 0.129688 0.150000
5 0.379688 0.533984 0.056250 0.064844
5 0.714844 0.553125 0.060937 0.106250
5 0.108594 0.560547 0.051562 0.071094
5 0.663281 0.612500 0.076563 0.106250
5 0.122656 0.623437 0.082812 0.100000
5 0.337500 0.628125 0.078125 0.112500
10 0.176563 0.689063 0.187500 0.243750
5 0.014844 0.733984 0.029687 0.114844
5 0.638281 0.844922 0.148438 0.227344
5 0.053125 0.917188 0.106250 0.165625
5 0.254688 0.954688 0.153125 0.090625
