9 0.628906 0.437500 0.054688 0.087500
5 0.498437 0.448828 0.037500 0.047656
10 0.332813 0.450000 0.056250 0.062500
1 0.578125 0.456641 0.071875 0.103906
5 0.388281 0.471875 0.039062 0.043750
8 0.216406 0.502734 0.064062 0.096094
5 0.383594 0.501953 0.042188 0.041406
5 0.532031 0.519141 0.045312 0.066406
1 0.275000 0.529297 0.106250 0.146094
5 0.370312 0.550391 0.050000 0.066406
10 0.648438 0.556250 0.093750 0.137500
10 0.138281 0.562500 0.101562 0.100000
5 0.338281 0.619922 0.070312 0.077344
5 0.312500 0.708984 0.087500 0.108594
5 0.590625 0.745703 0.096875 0.153906
9 0.117969 0.784766 0.235937 0.378906
