5 0.392188 0.319141 0.021875 0.028906
2 0.335938 0.336328 0.050000 0.085156
5 0.389062 0.353516 0.028125 0.041406
5 0.383594 0.375000 0.035937 0.043750
5 0.617969 0.375391 0.070312 0.110156
8 0.552344 0.387891 0.051562 0.091406
5 0.493750 0.403125 0.037500 0.050000
5 0.223438 0.422266 0.034375 0.041406
5 0.571875 0.424609 0.034375 0.052344
5 0.594531 0.453125 0.045312 0.075000
5 0.504687 0.464453 0.046875 0.066406
2 0.767969 0.484766 0.173437 0.253906
5 0.200781 0.496875 0.057813 0.062500
5 0.516406 0.498047 0.060937 0.083594
8 0.623437 0.512500 0.071875 0.131250
5 0.532031 0.531250 0.057813 0.087500
8 0.670312 0.543359 0.109375 0.208594
8 0.893750 0.626953 0.181250 0.266406
5 0.538281 0.634766 0.089063 0.166406
5 0.580469 0.740234 0.107813 0.171094
2 0.857812 0.753516 0.225000 0.428906
5 0.613281 0.862891 0.142187 0.222656
5 0.642188 0.948438 0.150000 0.103125
