8 0.519531 0.356250 0.023438 0.031250
8 0.500781 0.364453 0.020313 0.028906
5 0.472656 0.368750 0.014063 0.018750
8 0.391406 0.374609 0.023438 0.033594
9 0.543750 0.379297 0.028125 0.046094
5 0.506250 0.390625 0.015625 0.031250
5 0.488281 0.402734 0.020313 0.027344
5 0.370312 0.412109 0.018750 0.021094
5 0.408594 0.416016 0.023438 0.035156
5 0.503125 0.438672 0.025000 0.039844
10 0.328125 0.451172 0.068750 0.102344
5 0.400781 0.459766 0.029687 0.035156
8 0.258594 0.465625 0.042188 0.062500
5 0.388281 0.493359 0.035937 0.039844
5 0.525000 0.520703 0.043750 0.066406
8 0.665625 0.575391 0.090625 0.147656
9 0.199219 0.615625 0.179688 0.268750
5 0.341406 0.625000 0.073438 0.100000
10 0.053125 0.670312 0.106250 0.131250
5 0.295312 0.740625 0.096875 0.125000
10 0.871094 0.803516 0.257812 0.391406
10 0.069531 0.865625 0.139063 0.268750
5 0.259375 0.910937 0.121875 0.162500
