9 0.627344 0.378125 0.057813 0.087500
5 0.372656 0.390625 0.035937 0.043750
3 0.571875 0.391016 0.071875 0.116406
5 0.253906 0.393359 0.042188 0.052344
5 0.493750 0.395313 0.034375 0.043750
5 0.509375 0.462891 0.050000 0.053906
9 0.725000 0.474609 0.115625 0.158594
11 0.618750 0.497266 0.071875 0.122656
5 0.532031 0.540625 0.060937 0.081250
5 0.319531 0.545703 0.073438 0.078906
5 0.875781 0.576562 0.085938 0.106250
10 0.702344 0.578125 0.132812 0.237500
5 0.592969 0.715234 0.107813 0.152344
10 0.879687 0.815625 0.240625 0.368750
