5 0.473438 0.364063 0.028125 0.031250
1 0.541406 0.368359 0.054688 0.089844
9 0.662500 0.387500 0.100000 0.112500
5 0.481250 0.393750 0.037500 0.043750
5 0.282031 0.429297 0.051562 0.058594
5 0.490625 0.435937 0.050000 0.062500
1 0.585156 0.435547 0.082812 0.158594
5 0.510156 0.462109 0.060937 0.039844
5 0.519531 0.516016 0.060937 0.085156
9 0.679688 0.523828 0.143750 0.247656
5 0.769531 0.537109 0.073438 0.077344
5 0.532031 0.560937 0.064062 0.087500
5 0.830469 0.610938 0.095312 0.112500
5 0.579688 0.660547 0.103125 0.171094
5 0.852344 0.842187 0.176563 0.225000
5 0.633594 0.862109 0.142187 0.214844
