8 0.266406 0.455078 0.051562 0.072656
1 0.321094 0.468359 0.067187 0.102344
5 0.388281 0.471875 0.039062 0.043750
12 0.595313 0.483203 0.081250 0.141406
10 0.217969 0.484766 0.067187 0.066406
5 0.507812 0.488672 0.040625 0.052344
5 0.383594 0.501953 0.042188 0.041406
5 0.370312 0.544141 0.050000 0.060156
10 0.132031 0.578516 0.095312 0.153906
9 0.240625 0.582812 0.134375 0.181250
5 0.350781 0.596484 0.064062 0.064844
5 0.331250 0.648438 0.075000 0.100000
1 0.714844 0.710938 0.254688 0.362500
7 0.314844 0.748437 0.098437 0.150000
10 0.088281 0.844141 0.176563 0.310156
