9 0.304688 0.408984 0.062500 0.083594
5 0.410938 0.419922 0.028125 0.039844
10 0.550781 0.426953 0.051562 0.091406
5 0.403906 0.452734 0.032813 0.033594
12 0.253906 0.457422 0.076563 0.114844
9 0.318750 0.460547 0.062500 0.108594
5 0.509375 0.478516 0.040625 0.053906
5 0.385156 0.493359 0.039062 0.046094
8 0.687500 0.540625 0.075000 0.087500
5 0.363281 0.558984 0.054688 0.071094
5 0.275000 0.562500 0.062500 0.068750
8 0.172656 0.569922 0.085938 0.114844
7 0.346094 0.646875 0.076563 0.106250
5 0.309375 0.785547 0.103125 0.133594
