5 0.388281 0.471875 0.039062 0.043750
8 0.254688 0.475000 0.053125 0.087500
1 0.313281 0.481641 0.076563 0.110156
10 0.200781 0.501953 0.073438 0.066406
5 0.383594 0.501953 0.042188 0.041406
1 0.564063 0.501953 0.103125 0.153906
5 0.370312 0.544141 0.050000 0.060156
5 0.350781 0.596484 0.064062 0.064844
10 0.091406 0.608984 0.114062 0.164844
9 0.203125 0.622266 0.159375 0.216406
5 0.571094 0.638672 0.076563 0.127344
5 0.331250 0.654687 0.075000 0.100000
9 0.869531 0.665625 0.232813 0.281250
7 0.303906 0.795312 0.107813 0.156250
