2 0.611719 0.364453 0.089063 0.116406
5 0.482812 0.383984 0.056250 0.052344
8 0.557813 0.392188 0.056250 0.087500
2 0.650781 0.404687 0.079687 0.100000
5 0.356250 0.412500 0.046875 0.081250
5 0.573438 0.419141 0.037500 0.041406
5 0.492969 0.423828 0.054688 0.047656
5 0.594531 0.433203 0.054688 0.041406
5 0.510156 0.475391 0.057813 0.053906
8 0.733594 0.476953 0.095312 0.153906
8 0.620313 0.514062 0.075000 0.118750
5 0.524219 0.515625 0.060937 0.062500
8 0.084375 0.522266 0.131250 0.128906
2 0.843750 0.526563 0.153125 0.131250
2 0.746094 0.549609 0.004687 0.014844
8 0.664062 0.553516 0.125000 0.191406
5 0.556250 0.565625 0.087500 0.100000
5 0.310156 0.591797 0.104688 0.096094
8 0.540625 0.615234 0.103125 0.146094
8 0.739062 0.643359 0.068750 0.152344
5 0.572656 0.704688 0.104688 0.112500
2 0.857031 0.711328 0.242188 0.335156
5 0.608594 0.827734 0.145313 0.152344
2 0.930469 0.845313 0.139063 0.309375
2 0.042188 0.857812 0.084375 0.284375
5 0.638281 0.953125 0.145313 0.093750
