8 0.351562 0.290625 0.034375 0.056250
5 0.378125 0.300391 0.021875 0.035156
5 0.401562 0.300391 0.025000 0.035156
2 0.568750 0.320703 0.056250 0.053906
5 0.522656 0.340234 0.048438 0.058594
2 0.334375 0.359766 0.046875 0.066406
2 0.541406 0.361328 0.051562 0.085156
5 0.476562 0.365234 0.034375 0.027344
5 0.483594 0.384766 0.035937 0.022656
5 0.492969 0.396484 0.039062 0.027344
5 0.375781 0.407422 0.048438 0.077344
2 0.193750 0.420312 0.103125 0.156250
2 0.603906 0.434766 0.110937 0.178906
5 0.490625 0.440625 0.050000 0.075000
2 0.717969 0.440625 0.145313 0.181250
2 0.278125 0.450391 0.071875 0.110156
5 0.517188 0.462891 0.056250 0.060156
5 0.525000 0.506641 0.075000 0.085156
5 0.335938 0.520312 0.078125 0.093750
2 0.701562 0.581641 0.190625 0.303906
5 0.543750 0.589063 0.096875 0.131250
5 0.291406 0.685547 0.110937 0.158594
5 0.585156 0.710938 0.126562 0.137500
2 0.853906 0.753516 0.292187 0.491406
2 0.079687 0.773047 0.159375 0.383594
5 0.623437 0.885938 0.175000 0.228125
