8 0.402344 0.254297 0.017188 0.033594
5 0.363281 0.272266 0.017188 0.028906
8 0.380469 0.281641 0.017188 0.041406
8 0.400781 0.285547 0.023438 0.046094
8 0.333594 0.298438 0.026562 0.050000
2 0.500781 0.303125 0.032813 0.075000
8 0.541406 0.305859 0.032813 0.033594
5 0.466406 0.318750 0.020313 0.025000
5 0.397656 0.319141 0.026562 0.035156
8 0.362500 0.321875 0.034375 0.056250
2 0.575781 0.328125 0.051562 0.075000
5 0.471094 0.337109 0.026562 0.033594
8 0.530469 0.365234 0.045312 0.089844
5 0.473438 0.377734 0.025000 0.033594
8 0.600781 0.380859 0.035937 0.058594
8 0.265625 0.387891 0.059375 0.103906
5 0.482812 0.389453 0.025000 0.028906
8 0.553906 0.396484 0.042188 0.089844
8 0.635156 0.407422 0.045312 0.089844
5 0.494531 0.412109 0.029687 0.033594
5 0.503125 0.428125 0.037500 0.037500
8 0.692187 0.434375 0.078125 0.093750
5 0.572656 0.436328 0.029687 0.060156
5 0.592969 0.454688 0.026562 0.062500
8 0.335156 0.465234 0.092188 0.158594
5 0.492188 0.478125 0.040625 0.043750
8 0.239844 0.499609 0.073438 0.108594
8 0.623437 0.512500 0.046875 0.137500
5 0.520312 0.533984 0.059375 0.096094
8 0.792188 0.540234 0.100000 0.089844
8 0.689844 0.575000 0.095312 0.187500
5 0.532031 0.605859 0.076563 0.102344
8 0.735156 0.635547 0.039062 0.146094
2 0.942187 0.644141 0.115625 0.178906
2 0.846094 0.723047 0.192188 0.296094
5 0.583594 0.731641 0.095312 0.135156
2 0.925781 0.843750 0.148438 0.312500
5 0.631250 0.939063 0.134375 0.121875
