5 0.378906 0.398047 0.026562 0.033594
9 0.542969 0.416016 0.051562 0.085156
5 0.414844 0.416016 0.023438 0.028906
10 0.310156 0.417578 0.039062 0.047656
10 0.358594 0.421875 0.039062 0.056250
5 0.407031 0.441016 0.032813 0.035156
8 0.267188 0.452734 0.043750 0.064844
5 0.621094 0.455859 0.039062 0.046094
5 0.510938 0.469922 0.037500 0.052344
8 0.318750 0.473047 0.053125 0.083594
10 0.225000 0.490234 0.059375 0.083594
5 0.375781 0.538672 0.048438 0.064844
10 0.271094 0.546875 0.070312 0.112500
5 0.555469 0.609766 0.070312 0.103906
5 0.347656 0.642578 0.076563 0.097656
9 0.066406 0.659766 0.132812 0.253906
5 0.199219 0.726172 0.101562 0.102344
5 0.265625 0.917188 0.150000 0.165625
