9 0.301563 0.418359 0.053125 0.071094
9 0.255469 0.450000 0.079687 0.087500
5 0.632812 0.479297 0.046875 0.058594
5 0.510938 0.485547 0.043750 0.058594
5 0.312500 0.499609 0.034375 0.052344
5 0.375781 0.508203 0.042188 0.053906
5 0.374219 0.553516 0.042188 0.060156
10 0.117188 0.571875 0.131250 0.162500
10 0.215625 0.575000 0.150000 0.206250
5 0.348438 0.603516 0.053125 0.066406
5 0.330469 0.661328 0.089063 0.110156
5 0.625000 0.743359 0.100000 0.171094
5 0.292187 0.756641 0.106250 0.128906
5 0.242188 0.941016 0.162500 0.116406
