2 0.531250 0.346484 0.046875 0.064844
5 0.600000 0.378516 0.046875 0.053906
5 0.478125 0.381641 0.034375 0.041406
6 0.228125 0.397266 0.059375 0.072656
5 0.554688 0.406641 0.040625 0.047656
5 0.495312 0.418359 0.040625 0.046094
5 0.632812 0.418359 0.040625 0.046094
8 0.688281 0.451172 0.067187 0.102344
5 0.510938 0.483203 0.050000 0.066406
5 0.609375 0.484375 0.062500 0.075000
2 0.836719 0.546484 0.220312 0.333594
5 0.286719 0.604297 0.082812 0.108594
5 0.564844 0.612891 0.092188 0.128906
2 0.750781 0.671875 0.210938 0.293750
5 0.657813 0.887891 0.143750 0.222656
