1 0.516406 0.381250 0.029687 0.037500
5 0.551562 0.393359 0.018750 0.027344
5 0.530469 0.415625 0.023438 0.037500
5 0.491406 0.421875 0.026562 0.025000
5 0.579688 0.421484 0.025000 0.033594
8 0.352344 0.426172 0.035937 0.052344
10 0.284375 0.430859 0.056250 0.083594
5 0.396875 0.442578 0.028125 0.035156
5 0.609375 0.445312 0.031250 0.043750
5 0.547656 0.453516 0.035937 0.047656
8 0.332031 0.455859 0.042188 0.058594
5 0.391406 0.486328 0.035937 0.047656
10 0.222656 0.490234 0.092188 0.133594
5 0.585938 0.489453 0.040625 0.053906
5 0.512500 0.493359 0.040625 0.046094
8 0.689844 0.518359 0.054688 0.077344
5 0.275000 0.532422 0.059375 0.052344
5 0.363281 0.543750 0.048438 0.062500
5 0.123438 0.561328 0.065625 0.072656
10 0.223438 0.610547 0.128125 0.171094
5 0.564063 0.615625 0.068750 0.093750
5 0.799219 0.653125 0.104688 0.137500
5 0.725000 0.696484 0.093750 0.127344
5 0.082031 0.714063 0.082812 0.106250
5 0.322656 0.721484 0.067187 0.096094
