5 0.377344 0.381250 0.035937 0.043750
9 0.635156 0.384375 0.057813 0.087500
5 0.263281 0.389062 0.039062 0.043750
5 0.495312 0.400000 0.034375 0.043750
3 0.578125 0.401953 0.071875 0.116406
5 0.514062 0.469141 0.050000 0.053906
9 0.732812 0.478125 0.125000 0.156250
11 0.621875 0.501172 0.065625 0.114844
5 0.322656 0.520312 0.060937 0.081250
5 0.533594 0.551562 0.060937 0.081250
10 0.711719 0.590625 0.132812 0.237500
5 0.903125 0.598047 0.090625 0.108594
5 0.603125 0.747266 0.115625 0.178906
10 0.891406 0.828125 0.217188 0.343750
