8 0.317969 0.318750 0.032813 0.062500
8 0.347656 0.328516 0.032813 0.047656
8 0.332031 0.346875 0.032813 0.050000
5 0.382812 0.373437 0.031250 0.037500
8 0.631250 0.393359 0.056250 0.096094
8 0.675781 0.416016 0.079687 0.103906
5 0.590625 0.436328 0.037500 0.035156
2 0.757812 0.501172 0.106250 0.102344
8 0.512500 0.503125 0.056250 0.106250
8 0.636719 0.509375 0.095312 0.125000
8 0.087500 0.540625 0.131250 0.162500
8 0.676562 0.562500 0.103125 0.218750
5 0.524219 0.592578 0.079687 0.110156
8 0.742969 0.637109 0.060937 0.146094
5 0.574219 0.668750 0.098437 0.137500
2 0.848437 0.707422 0.200000 0.339844
2 0.928906 0.834375 0.142187 0.331250
5 0.627344 0.909766 0.142187 0.178906
