9 0.326562 0.407813 0.034375 0.056250
5 0.520312 0.410547 0.025000 0.033594
10 0.289062 0.414062 0.050000 0.043750
10 0.238281 0.437891 0.064062 0.066406
5 0.357812 0.443359 0.028125 0.033594
5 0.394531 0.449609 0.029687 0.052344
5 0.513281 0.459766 0.032813 0.047656
5 0.324219 0.492188 0.026562 0.050000
5 0.381250 0.515234 0.043750 0.058594
10 0.263281 0.521875 0.110937 0.162500
5 0.359375 0.569922 0.056250 0.077344
5 0.332031 0.648828 0.095312 0.110156
9 0.147656 0.651172 0.220312 0.302344
5 0.292187 0.764062 0.103125 0.131250
10 0.062500 0.862891 0.125000 0.272656
5 0.257812 0.914062 0.168750 0.171875
