1 0.352344 0.324609 0.054688 0.089844
5 0.389062 0.340625 0.034375 0.043750
5 0.375781 0.383984 0.045312 0.046094
5 0.576562 0.422266 0.050000 0.060156
2 0.653125 0.431250 0.065625 0.068750
2 0.264062 0.450000 0.096875 0.150000
8 0.360156 0.454297 0.057813 0.096094
2 0.127344 0.475000 0.120313 0.162500
5 0.592187 0.478516 0.040625 0.078906
2 0.730469 0.481250 0.095312 0.168750
2 0.624219 0.506641 0.073438 0.128906
2 0.666406 0.546484 0.092188 0.171094
5 0.514062 0.548047 0.075000 0.108594
2 0.900781 0.556641 0.198437 0.203906
5 0.205469 0.560937 0.082812 0.125000
5 0.547656 0.600391 0.098437 0.116406
8 0.738281 0.621484 0.064062 0.127344
5 0.301563 0.652734 0.096875 0.139844
2 0.846094 0.682422 0.210938 0.289844
5 0.557813 0.708984 0.109375 0.189844
2 0.917188 0.801562 0.165625 0.293750
5 0.728906 0.855859 0.164062 0.283594
5 0.596875 0.928125 0.125000 0.143750
