1 0.380469 0.290625 0.032813 0.056250
8 0.318750 0.337109 0.050000 0.052344
5 0.384375 0.362891 0.031250 0.047656
5 0.317969 0.368750 0.026562 0.037500
2 0.252344 0.373437 0.067187 0.075000
2 0.270313 0.437500 0.090625 0.131250
5 0.356250 0.439453 0.043750 0.066406
5 0.585938 0.440234 0.053125 0.071094
8 0.681250 0.458203 0.087500 0.091406
2 0.786719 0.508984 0.120313 0.133594
8 0.628906 0.516797 0.085938 0.133594
5 0.869531 0.534375 0.067187 0.081250
8 0.667969 0.554297 0.089063 0.196094
5 0.525000 0.568359 0.071875 0.108594
2 0.953125 0.600000 0.093750 0.168750
5 0.558594 0.610938 0.076563 0.100000
8 0.738281 0.628125 0.076563 0.150000
8 0.082812 0.665625 0.165625 0.250000
2 0.847656 0.689063 0.198437 0.306250
5 0.568750 0.722266 0.109375 0.160156
5 0.246094 0.730859 0.142187 0.164844
2 0.925781 0.842187 0.145313 0.315625
5 0.721094 0.876563 0.151562 0.246875
