8 0.337500 0.404687 0.031250 0.037500
5 0.372656 0.405078 0.029687 0.035156
7 0.411719 0.421484 0.029687 0.033594
5 0.357031 0.430859 0.026562 0.033594
5 0.406250 0.444922 0.031250 0.039844
10 0.267969 0.455078 0.048438 0.072656
10 0.328906 0.468750 0.045312 0.075000
5 0.393750 0.486328 0.040625 0.047656
8 0.217188 0.493359 0.062500 0.083594
5 0.528125 0.521875 0.050000 0.068750
10 0.164844 0.548438 0.089063 0.125000
8 0.257031 0.547266 0.076563 0.116406
8 0.718750 0.553125 0.081250 0.087500
8 0.679688 0.612891 0.093750 0.135156
5 0.352344 0.631641 0.073438 0.091406
8 0.152344 0.722266 0.157812 0.210156
5 0.303125 0.834375 0.128125 0.156250
