5 0.389844 0.283984 0.023438 0.027344
8 0.342187 0.289453 0.046875 0.053906
5 0.405469 0.294922 0.026562 0.027344
5 0.403906 0.309375 0.029687 0.031250
5 0.390625 0.337109 0.037500 0.039844
8 0.596094 0.359766 0.039062 0.072656
2 0.556250 0.387500 0.075000 0.118750
5 0.503125 0.441797 0.056250 0.071094
5 0.516406 0.519922 0.057813 0.102344
5 0.788281 0.554688 0.082812 0.112500
8 0.703125 0.588672 0.137500 0.239844
5 0.895312 0.652734 0.128125 0.158594
5 0.576562 0.687891 0.103125 0.160156
5 0.875000 0.884375 0.171875 0.231250
5 0.661719 0.906250 0.160938 0.187500
