10 0.346875 0.371484 0.031250 0.046094
10 0.326562 0.400000 0.043750 0.068750
5 0.302344 0.404297 0.020313 0.033594
5 0.423438 0.405859 0.021875 0.027344
8 0.540625 0.408984 0.037500 0.058594
5 0.403906 0.409766 0.023438 0.028906
8 0.359375 0.415625 0.037500 0.050000
5 0.277344 0.428125 0.032813 0.037500
5 0.396875 0.431641 0.031250 0.035156
5 0.399219 0.452734 0.035937 0.046094
5 0.278125 0.454688 0.034375 0.050000
10 0.336719 0.453516 0.048438 0.078906
5 0.217969 0.465234 0.023438 0.052344
5 0.567187 0.465234 0.037500 0.052344
8 0.253906 0.479687 0.060937 0.087500
5 0.389062 0.483203 0.043750 0.053906
5 0.545312 0.487109 0.043750 0.052344
5 0.304688 0.504297 0.053125 0.071094
5 0.535937 0.526172 0.050000 0.064844
5 0.363281 0.562109 0.060937 0.077344
5 0.177344 0.581250 0.070312 0.081250
5 0.261719 0.587109 0.067187 0.089844
5 0.088281 0.864062 0.151562 0.193750
