8 0.370312 0.396484 0.031250 0.039844
5 0.485156 0.404297 0.023438 0.033594
5 0.415625 0.407422 0.018750 0.027344
5 0.560156 0.412500 0.023438 0.037500
5 0.401562 0.416016 0.025000 0.028906
10 0.352344 0.419141 0.042188 0.053906
9 0.292969 0.429297 0.051562 0.071094
5 0.400000 0.449609 0.031250 0.033594
5 0.340625 0.451172 0.031250 0.039844
9 0.240625 0.454688 0.090625 0.075000
5 0.519531 0.464062 0.032813 0.043750
5 0.390625 0.471484 0.037500 0.046094
5 0.331250 0.472266 0.037500 0.047656
5 0.379688 0.487891 0.031250 0.035156
5 0.310937 0.500391 0.031250 0.047656
5 0.375000 0.509766 0.040625 0.053906
5 0.288281 0.542578 0.039062 0.072656
5 0.371094 0.556250 0.048438 0.056250
5 0.350000 0.600391 0.059375 0.060156
10 0.199219 0.605859 0.157812 0.233594
10 0.066406 0.626563 0.132812 0.206250
5 0.560937 0.631250 0.068750 0.118750
5 0.329688 0.665234 0.084375 0.108594
5 0.292187 0.765625 0.109375 0.137500
