5 0.313281 0.399609 0.020313 0.033594
5 0.492188 0.401953 0.025000 0.028906
5 0.400000 0.419141 0.031250 0.028906
10 0.350781 0.423828 0.045312 0.060156
9 0.280469 0.437891 0.070312 0.085156
5 0.399219 0.451562 0.035937 0.043750
5 0.500781 0.456250 0.032813 0.056250
5 0.392188 0.472266 0.034375 0.047656
9 0.232031 0.473438 0.104688 0.100000
5 0.333594 0.475000 0.039062 0.050000
5 0.308594 0.503516 0.042188 0.047656
5 0.375000 0.503516 0.046875 0.053906
5 0.281250 0.553516 0.050000 0.078906
5 0.372656 0.554688 0.045312 0.062500
5 0.348438 0.607422 0.062500 0.077344
10 0.174219 0.628516 0.189062 0.247656
5 0.321875 0.677734 0.087500 0.121094
10 0.042188 0.702734 0.084375 0.258594
5 0.280469 0.800391 0.117188 0.147656
