8 0.347656 0.393750 0.026562 0.037500
9 0.533594 0.404297 0.045312 0.071094
5 0.374219 0.412109 0.026562 0.033594
10 0.293750 0.424609 0.043750 0.052344
5 0.496875 0.428125 0.028125 0.031250
5 0.408594 0.428516 0.023438 0.028906
5 0.589844 0.431641 0.026562 0.035156
10 0.352344 0.437500 0.039062 0.056250
5 0.399219 0.456641 0.032813 0.035156
8 0.253906 0.460547 0.051562 0.071094
8 0.303125 0.487500 0.050000 0.093750
5 0.513281 0.487109 0.042188 0.058594
10 0.212500 0.503125 0.068750 0.100000
5 0.368750 0.567187 0.056250 0.075000
10 0.243750 0.587109 0.087500 0.133594
5 0.339844 0.684375 0.089063 0.118750
5 0.138281 0.837891 0.135937 0.141406
