9 0.366406 0.401562 0.042188 0.068750
12 0.313281 0.406250 0.045312 0.075000
5 0.404687 0.431250 0.034375 0.037500
5 0.349219 0.450000 0.032813 0.043750
10 0.585938 0.462891 0.056250 0.091406
8 0.277344 0.464453 0.048438 0.066406
5 0.394531 0.468750 0.032813 0.043750
8 0.218750 0.526953 0.065625 0.078906
7 0.378125 0.535547 0.046875 0.071094
5 0.277344 0.549609 0.057813 0.071094
5 0.354687 0.612109 0.065625 0.089844
5 0.212500 0.644922 0.071875 0.077344
10 0.062500 0.666797 0.125000 0.183594
5 0.180469 0.751563 0.107813 0.118750
8 0.923438 0.766016 0.153125 0.222656
5 0.296094 0.797266 0.110937 0.122656
