5 0.473438 0.364063 0.028125 0.031250
3 0.543750 0.367188 0.062500 0.087500
9 0.662500 0.387500 0.100000 0.112500
5 0.481250 0.393750 0.037500 0.043750
5 0.490625 0.435937 0.050000 0.062500
3 0.585156 0.435547 0.082812 0.158594
5 0.510156 0.462109 0.060937 0.039844
5 0.338281 0.495703 0.064062 0.091406
5 0.717969 0.499609 0.035937 0.064844
9 0.655469 0.500391 0.123438 0.228906
5 0.519531 0.516016 0.060937 0.085156
5 0.760938 0.525391 0.065625 0.072656
5 0.199219 0.542188 0.073438 0.087500
5 0.532031 0.560937 0.064062 0.087500
5 0.806250 0.584766 0.087500 0.103906
5 0.561719 0.592578 0.089063 0.135156
5 0.934375 0.701172 0.131250 0.152344
5 0.783594 0.739062 0.129688 0.181250
5 0.602344 0.757422 0.114062 0.164844
