1 0.357812 0.312891 0.046875 0.072656
5 0.392188 0.340625 0.037500 0.056250
5 0.384375 0.369141 0.040625 0.053906
2 0.295312 0.403125 0.075000 0.112500
8 0.371875 0.403125 0.050000 0.075000
5 0.576562 0.420703 0.043750 0.053906
2 0.649219 0.423828 0.060937 0.072656
2 0.178906 0.440234 0.114062 0.139844
5 0.264062 0.472266 0.062500 0.091406
2 0.737500 0.483984 0.103125 0.164844
5 0.354687 0.490625 0.071875 0.087500
5 0.511719 0.504687 0.070312 0.075000
2 0.625781 0.516016 0.067187 0.135156
2 0.674219 0.543750 0.101562 0.181250
5 0.517188 0.547266 0.068750 0.103906
2 0.909375 0.570703 0.181250 0.203906
5 0.550000 0.606641 0.081250 0.116406
8 0.752344 0.629687 0.085938 0.137500
5 0.558594 0.697266 0.101562 0.153906
2 0.874219 0.769141 0.251563 0.460156
2 0.096094 0.815625 0.129688 0.368750
5 0.723437 0.862891 0.146875 0.266406
5 0.594531 0.921875 0.114062 0.156250
