1 0.322656 0.365234 0.064062 0.108594
5 0.372656 0.395313 0.039062 0.056250
2 0.708594 0.452734 0.089063 0.139844
5 0.503125 0.454297 0.053125 0.071094
5 0.357031 0.457422 0.060937 0.077344
2 0.621875 0.496484 0.065625 0.127344
5 0.514062 0.528516 0.068750 0.085156
2 0.885938 0.534375 0.228125 0.206250
2 0.664844 0.537500 0.092188 0.175000
2 0.180469 0.569141 0.151562 0.191406
2 0.047656 0.595313 0.095312 0.231250
5 0.546875 0.597266 0.087500 0.128906
5 0.307031 0.617578 0.104688 0.160156
2 0.740625 0.628516 0.059375 0.135156
5 0.556250 0.674609 0.084375 0.146094
2 0.839063 0.693750 0.178125 0.325000
5 0.707812 0.830859 0.137500 0.246094
2 0.919531 0.832812 0.160938 0.334375
5 0.050000 0.862500 0.100000 0.187500
5 0.585156 0.929688 0.129688 0.140625
