8 0.350781 0.390625 0.026562 0.037500
9 0.533594 0.404297 0.045312 0.071094
5 0.375781 0.405859 0.026562 0.033594
5 0.414844 0.416016 0.023438 0.028906
5 0.498437 0.432812 0.028125 0.031250
10 0.299219 0.433984 0.042188 0.077344
5 0.596094 0.434766 0.026562 0.035156
10 0.352344 0.437500 0.039062 0.056250
5 0.405469 0.448828 0.032813 0.035156
8 0.255469 0.458984 0.051562 0.071094
8 0.303125 0.487500 0.050000 0.093750
10 0.212500 0.503125 0.068750 0.100000
5 0.517969 0.507422 0.048438 0.064844
5 0.371875 0.558984 0.053125 0.064844
10 0.250000 0.573047 0.087500 0.121094
5 0.342969 0.675000 0.082812 0.112500
5 0.157031 0.808203 0.117188 0.116406
