8 0.317188 0.421484 0.034375 0.052344
5 0.399219 0.431250 0.032813 0.037500
8 0.275000 0.468750 0.050000 0.062500
5 0.325781 0.480859 0.042188 0.052344
7 0.390625 0.481250 0.034375 0.050000
5 0.292969 0.513672 0.039062 0.039844
5 0.602344 0.516016 0.051562 0.072656
5 0.378125 0.531250 0.043750 0.062500
10 0.164844 0.553125 0.095312 0.112500
5 0.289844 0.552734 0.054688 0.064844
5 0.346094 0.640234 0.076563 0.089844
8 0.057031 0.662109 0.114062 0.164844
10 0.167187 0.690234 0.134375 0.183594
5 0.675000 0.928516 0.153125 0.141406
