5 0.360156 0.381641 0.032813 0.041406
5 0.545312 0.383984 0.031250 0.033594
5 0.513281 0.388672 0.026562 0.027344
8 0.567187 0.405859 0.034375 0.046094
5 0.489063 0.409375 0.031250 0.043750
5 0.379688 0.410938 0.021875 0.025000
5 0.401562 0.425000 0.031250 0.037500
5 0.535156 0.427734 0.029687 0.046094
5 0.359375 0.433203 0.025000 0.041406
5 0.411719 0.441016 0.032813 0.041406
5 0.334375 0.444922 0.050000 0.064844
10 0.256250 0.456250 0.068750 0.118750
5 0.567969 0.458203 0.051562 0.066406
5 0.506250 0.469141 0.059375 0.053906
8 0.316406 0.484375 0.067187 0.087500
5 0.378125 0.494141 0.059375 0.053906
5 0.655469 0.500391 0.057813 0.078906
5 0.612500 0.536328 0.062500 0.097656
10 0.176563 0.537891 0.153125 0.166406
5 0.371875 0.549609 0.065625 0.077344
5 0.075000 0.590625 0.090625 0.100000
5 0.570312 0.637891 0.106250 0.141406
5 0.094531 0.655859 0.089063 0.096094
5 0.324219 0.664453 0.082812 0.128906
10 0.155469 0.709375 0.198437 0.262500
5 0.055469 0.935937 0.110937 0.128125
