8 0.353906 0.328516 0.032813 0.066406
5 0.385156 0.361328 0.042188 0.047656
8 0.314844 0.369141 0.045312 0.072656
8 0.621094 0.383203 0.051562 0.091406
8 0.552344 0.388672 0.051562 0.089844
8 0.286719 0.393750 0.054688 0.062500
8 0.661719 0.405859 0.073438 0.102344
8 0.592187 0.437109 0.040625 0.046094
5 0.354687 0.462109 0.053125 0.083594
8 0.624219 0.513672 0.060937 0.127344
2 0.864844 0.530078 0.157812 0.110156
8 0.669531 0.546875 0.092188 0.175000
5 0.521875 0.567187 0.065625 0.100000
5 0.551562 0.644141 0.096875 0.166406
8 0.744531 0.644141 0.067187 0.141406
2 0.851562 0.698828 0.203125 0.322656
2 0.927344 0.846875 0.145313 0.306250
5 0.602344 0.851172 0.132812 0.239844
