10 0.348438 0.373437 0.034375 0.050000
8 0.531250 0.389453 0.031250 0.053906
10 0.320312 0.403516 0.053125 0.078906
5 0.423438 0.405859 0.021875 0.027344
5 0.405469 0.409766 0.023438 0.028906
5 0.294531 0.412891 0.026562 0.035156
8 0.357031 0.418359 0.042188 0.058594
5 0.396875 0.428516 0.031250 0.035156
5 0.550781 0.441016 0.039062 0.053906
5 0.257812 0.443359 0.034375 0.039844
5 0.400781 0.444141 0.032813 0.028906
10 0.336719 0.455078 0.057813 0.085156
5 0.275781 0.458984 0.039062 0.052344
5 0.397656 0.459766 0.039062 0.047656
5 0.514062 0.473438 0.046875 0.062500
5 0.200781 0.477734 0.042188 0.058594
5 0.382812 0.492578 0.050000 0.060156
8 0.241406 0.493359 0.079687 0.096094
5 0.301563 0.510547 0.053125 0.071094
5 0.351562 0.581250 0.071875 0.087500
5 0.252344 0.600000 0.085938 0.100000
5 0.155469 0.601172 0.092188 0.102344
5 0.057813 0.934375 0.115625 0.131250
