8 0.353125 0.287109 0.028125 0.046094
5 0.407031 0.290234 0.023438 0.027344
5 0.376563 0.303516 0.025000 0.041406
2 0.580469 0.316016 0.057813 0.066406
5 0.395313 0.325000 0.025000 0.037500
6 0.528125 0.350391 0.053125 0.072656
5 0.481250 0.357812 0.034375 0.031250
5 0.481250 0.385937 0.034375 0.037500
5 0.490625 0.419922 0.040625 0.052344
2 0.600000 0.431250 0.118750 0.206250
5 0.667969 0.449609 0.048438 0.071094
5 0.331250 0.466016 0.065625 0.078906
1 0.753906 0.491016 0.151562 0.216406
8 0.107031 0.500391 0.101562 0.135156
5 0.522656 0.516016 0.070312 0.091406
5 0.183594 0.598047 0.101562 0.133594
5 0.574219 0.670312 0.114062 0.168750
6 0.920312 0.687500 0.159375 0.281250
5 0.676562 0.926562 0.175000 0.146875
