8 0.331250 0.346875 0.050000 0.075000
1 0.479687 0.350000 0.056250 0.081250
5 0.381250 0.377734 0.034375 0.046094
8 0.273438 0.383984 0.050000 0.071094
5 0.486719 0.401172 0.042188 0.052344
2 0.584375 0.417187 0.090625 0.150000
5 0.360938 0.423047 0.043750 0.046094
2 0.692969 0.447266 0.107813 0.153906
5 0.237500 0.494141 0.062500 0.078906
5 0.531250 0.543359 0.065625 0.089844
8 0.173437 0.571484 0.093750 0.158594
5 0.322656 0.581250 0.070312 0.093750
8 0.865625 0.581641 0.153125 0.166406
5 0.706250 0.608984 0.087500 0.127344
1 0.867969 0.782813 0.264062 0.434375
5 0.712500 0.898438 0.168750 0.203125
