9 0.617188 0.371484 0.050000 0.089844
3 0.561719 0.382422 0.067187 0.102344
5 0.228906 0.417578 0.057813 0.060156
5 0.364063 0.422266 0.050000 0.060156
5 0.506250 0.434766 0.050000 0.053906
9 0.699219 0.449609 0.095312 0.146094
11 0.602344 0.468359 0.051562 0.108594
5 0.518750 0.503125 0.059375 0.075000
5 0.793750 0.510547 0.062500 0.083594
10 0.664062 0.520312 0.106250 0.181250
5 0.939063 0.609375 0.118750 0.118750
5 0.562500 0.619141 0.078125 0.122656
10 0.787500 0.706250 0.178125 0.306250
5 0.252344 0.731250 0.114062 0.131250
