5 0.585156 0.362500 0.039062 0.050000
5 0.535156 0.374609 0.029687 0.039844
5 0.604688 0.395703 0.034375 0.041406
8 0.642188 0.396484 0.043750 0.058594
5 0.485938 0.397266 0.034375 0.041406
5 0.567187 0.426172 0.037500 0.052344
5 0.496875 0.437891 0.037500 0.053906
2 0.733594 0.456641 0.145313 0.210156
5 0.521094 0.487500 0.060937 0.087500
6 0.117969 0.490234 0.107813 0.121094
2 0.629687 0.500391 0.115625 0.160156
5 0.557031 0.626172 0.076563 0.127344
5 0.929688 0.746484 0.140625 0.133594
5 0.616406 0.830078 0.132812 0.222656
5 0.896094 0.925000 0.173437 0.150000
