5 0.492188 0.422266 0.031250 0.035156
5 0.359375 0.438672 0.031250 0.052344
10 0.232031 0.449609 0.054688 0.058594
5 0.338281 0.462891 0.032813 0.041406
5 0.381250 0.494141 0.050000 0.053906
5 0.527344 0.496484 0.060937 0.077344
10 0.246875 0.530078 0.125000 0.172656
5 0.366406 0.556641 0.051562 0.097656
5 0.351562 0.602734 0.053125 0.089844
5 0.326562 0.659766 0.106250 0.097656
9 0.123438 0.680859 0.243750 0.346094
5 0.290625 0.756641 0.118750 0.141406
10 0.826562 0.798438 0.190625 0.350000
5 0.263281 0.916016 0.160938 0.166406
