5 0.389844 0.333984 0.026562 0.033594
2 0.542969 0.354297 0.060937 0.121094
8 0.311719 0.380859 0.051562 0.064844
5 0.597656 0.380859 0.035937 0.046094
1 0.648438 0.382422 0.062500 0.102344
5 0.482031 0.389453 0.035937 0.041406
5 0.491406 0.416797 0.039062 0.046094
5 0.367969 0.424609 0.051562 0.052344
5 0.614844 0.447266 0.042188 0.053906
6 0.701562 0.450391 0.084375 0.116406
5 0.508594 0.480859 0.054688 0.064844
10 0.710156 0.523438 0.123438 0.175000
8 0.067187 0.568750 0.115625 0.156250
5 0.535156 0.596484 0.076563 0.102344
2 0.851562 0.772266 0.296875 0.453906
5 0.627344 0.837891 0.135937 0.247656
