5 0.365625 0.415625 0.031250 0.037500
5 0.407813 0.421484 0.037500 0.039844
5 0.310937 0.430078 0.040625 0.047656
10 0.550781 0.432422 0.048438 0.077344
5 0.600781 0.438672 0.029687 0.039844
5 0.348438 0.445312 0.037500 0.043750
5 0.405469 0.455859 0.035937 0.039844
5 0.257812 0.471875 0.043750 0.043750
5 0.328906 0.483984 0.039062 0.046094
5 0.513281 0.487500 0.045312 0.062500
8 0.658594 0.493750 0.067187 0.100000
5 0.384375 0.503516 0.043750 0.047656
5 0.585938 0.503516 0.046875 0.066406
5 0.309375 0.512500 0.050000 0.062500
5 0.375000 0.543750 0.046875 0.062500
9 0.152344 0.544141 0.126562 0.172656
10 0.247656 0.559375 0.101562 0.131250
5 0.384375 0.592578 0.062500 0.085156
10 0.196875 0.634375 0.118750 0.156250
5 0.554688 0.647266 0.068750 0.103906
9 0.039844 0.671484 0.079687 0.189844
5 0.309375 0.683203 0.096875 0.103906
5 0.882031 0.712500 0.126562 0.143750
5 0.289844 0.809375 0.104688 0.131250
9 0.093750 0.828516 0.187500 0.341406
10 0.848437 0.855859 0.196875 0.277344
5 0.233594 0.939063 0.148438 0.121875
