5 0.378906 0.363672 0.032813 0.039844
5 0.616406 0.377734 0.039062 0.039844
5 0.328125 0.384375 0.040625 0.043750
8 0.554688 0.386328 0.046875 0.072656
5 0.494531 0.398047 0.035937 0.033594
5 0.361719 0.412500 0.039062 0.056250
5 0.489844 0.416016 0.032813 0.041406
5 0.639844 0.417187 0.060937 0.050000
5 0.292969 0.419141 0.045312 0.047656
5 0.572656 0.422266 0.039062 0.047656
5 0.498437 0.429297 0.037500 0.033594
6 0.172656 0.437891 0.095312 0.128906
5 0.507031 0.466797 0.045312 0.071094
5 0.249219 0.485938 0.054688 0.062500
6 0.760156 0.495703 0.142187 0.166406
5 0.527344 0.554297 0.067187 0.096094
5 0.663281 0.568359 0.085938 0.114844
8 0.859375 0.631641 0.106250 0.135156
5 0.575000 0.664062 0.096875 0.118750
5 0.958594 0.793359 0.082812 0.164844
5 0.852344 0.846484 0.160938 0.214844
5 0.691406 0.903125 0.154688 0.193750
5 0.188281 0.915625 0.160938 0.168750
