3 0.591406 0.332813 0.045312 0.043750
3 0.543750 0.359766 0.053125 0.091406
9 0.662500 0.387500 0.100000 0.112500
5 0.481250 0.393750 0.037500 0.043750
5 0.490625 0.435937 0.050000 0.062500
3 0.585156 0.435547 0.082812 0.158594
5 0.349219 0.457422 0.051562 0.077344
5 0.510156 0.462109 0.060937 0.039844
5 0.236719 0.490234 0.060937 0.064844
5 0.717969 0.499609 0.035937 0.064844
9 0.667969 0.501953 0.123438 0.228906
5 0.519531 0.516016 0.060937 0.085156
5 0.760938 0.525391 0.065625 0.072656
5 0.532031 0.560937 0.064062 0.087500
5 0.806250 0.584766 0.087500 0.103906
5 0.570312 0.625000 0.093750 0.150000
5 0.939844 0.721484 0.120313 0.152344
5 0.808594 0.774609 0.132812 0.189844
5 0.603906 0.787500 0.129688 0.181250
