5 0.369531 0.331250 0.023438 0.031250
8 0.287500 0.348438 0.037500 0.062500
2 0.331250 0.353516 0.059375 0.078906
5 0.385937 0.369141 0.034375 0.041406
8 0.629687 0.375391 0.071875 0.122656
8 0.553125 0.387500 0.046875 0.087500
5 0.355469 0.400391 0.032813 0.041406
5 0.571094 0.424609 0.032813 0.052344
8 0.671875 0.434375 0.065625 0.125000
5 0.595313 0.447266 0.043750 0.066406
5 0.318750 0.453125 0.062500 0.087500
5 0.502344 0.462500 0.039062 0.062500
5 0.517188 0.495312 0.059375 0.081250
8 0.622656 0.509766 0.067187 0.135156
8 0.800000 0.533984 0.109375 0.171094
5 0.530469 0.534766 0.064062 0.085156
5 0.333594 0.542188 0.076563 0.112500
8 0.667969 0.549609 0.107813 0.202344
5 0.558594 0.576953 0.070312 0.103906
8 0.535937 0.623047 0.081250 0.158594
8 0.764844 0.650391 0.098437 0.160156
2 0.863281 0.733984 0.229687 0.389844
5 0.573438 0.742188 0.100000 0.175000
5 0.613281 0.862500 0.135937 0.206250
5 0.642969 0.950391 0.151562 0.097656
