5 0.616406 0.377734 0.039062 0.039844
8 0.554688 0.386328 0.046875 0.072656
5 0.367188 0.393750 0.037500 0.043750
5 0.494531 0.398047 0.035937 0.033594
5 0.308594 0.412500 0.048438 0.056250
5 0.625781 0.412500 0.060937 0.050000
5 0.489844 0.416016 0.032813 0.041406
5 0.572656 0.422266 0.039062 0.047656
5 0.498437 0.429297 0.037500 0.033594
5 0.350781 0.451953 0.048438 0.066406
5 0.507031 0.466797 0.045312 0.071094
5 0.265625 0.468750 0.056250 0.068750
6 0.122656 0.468750 0.114062 0.143750
6 0.751563 0.488672 0.131250 0.152344
5 0.645312 0.535547 0.075000 0.096094
5 0.525781 0.543359 0.067187 0.096094
5 0.903906 0.581641 0.085938 0.091406
5 0.185156 0.592578 0.082812 0.085156
8 0.822656 0.608984 0.098437 0.108594
5 0.567969 0.633203 0.079687 0.103906
5 0.942969 0.741797 0.114062 0.133594
5 0.808594 0.776563 0.129688 0.181250
5 0.668750 0.869922 0.140625 0.214844
