5 0.398438 0.325000 0.037500 0.043750
2 0.324219 0.352734 0.060937 0.102344
2 0.237500 0.391797 0.068750 0.108594
5 0.541406 0.400000 0.045312 0.056250
8 0.614062 0.462500 0.068750 0.125000
5 0.283594 0.466016 0.067187 0.091406
5 0.492188 0.471875 0.050000 0.075000
2 0.778125 0.500391 0.193750 0.241406
5 0.513281 0.536328 0.064062 0.110156
5 0.614844 0.572266 0.092188 0.141406
5 0.537500 0.608984 0.068750 0.139844
2 0.796875 0.659766 0.184375 0.316406
5 0.581250 0.780859 0.100000 0.208594
2 0.885938 0.801562 0.228125 0.396875
5 0.650000 0.935937 0.159375 0.128125
