1 0.334375 0.444141 0.062500 0.097656
8 0.280469 0.447266 0.051562 0.072656
5 0.568750 0.459375 0.034375 0.056250
10 0.232813 0.468750 0.059375 0.062500
5 0.507812 0.469141 0.031250 0.053906
5 0.388281 0.471875 0.039062 0.043750
5 0.383594 0.501953 0.042188 0.041406
10 0.188281 0.520312 0.082812 0.106250
9 0.267969 0.528516 0.107813 0.135156
5 0.373437 0.541016 0.050000 0.060156
5 0.352344 0.587109 0.064062 0.064844
8 0.778906 0.597266 0.114062 0.147656
5 0.331250 0.648438 0.075000 0.100000
10 0.169531 0.690625 0.142187 0.200000
7 0.323437 0.726562 0.093750 0.131250
12 0.792969 0.728125 0.264062 0.393750
5 0.602344 0.730859 0.107813 0.171094
5 0.284375 0.872266 0.121875 0.166406
