5 0.475781 0.357812 0.035937 0.031250
3 0.543750 0.369922 0.056250 0.089844
5 0.479687 0.384375 0.031250 0.037500
9 0.660156 0.396875 0.095312 0.118750
5 0.492969 0.407813 0.039062 0.031250
5 0.546094 0.419922 0.023438 0.052344
3 0.181250 0.437500 0.109375 0.143750
5 0.499219 0.447266 0.051562 0.053906
5 0.355469 0.458203 0.054688 0.066406
3 0.603906 0.458984 0.095312 0.164844
5 0.516406 0.494141 0.060937 0.060156
5 0.536719 0.553125 0.067187 0.081250
9 0.728906 0.577734 0.179688 0.296094
5 0.823438 0.583984 0.071875 0.114844
5 0.557031 0.641016 0.089063 0.122656
5 0.930469 0.722266 0.123438 0.141406
5 0.650781 0.870313 0.160938 0.259375
