2 0.356250 0.313672 0.046875 0.089844
5 0.392188 0.321484 0.040625 0.052344
5 0.287500 0.355859 0.046875 0.046094
2 0.636719 0.389062 0.092188 0.118750
5 0.268750 0.391016 0.046875 0.060156
2 0.789844 0.470313 0.195312 0.218750
5 0.519531 0.493750 0.064062 0.087500
8 0.223438 0.518359 0.150000 0.214844
5 0.528906 0.528125 0.060937 0.075000
8 0.667969 0.544141 0.104688 0.203906
5 0.541406 0.621875 0.126562 0.162500
8 0.538281 0.629297 0.095312 0.171094
2 0.853125 0.728125 0.231250 0.412500
5 0.582031 0.734375 0.120313 0.168750
5 0.612500 0.875000 0.150000 0.250000
2 0.971875 0.887500 0.056250 0.225000
