5 0.388281 0.337109 0.026562 0.033594
2 0.535937 0.348438 0.056250 0.112500
5 0.591406 0.379297 0.035937 0.046094
1 0.648438 0.382422 0.062500 0.102344
8 0.303906 0.393359 0.051562 0.064844
5 0.491406 0.416797 0.039062 0.046094
5 0.614844 0.434766 0.042188 0.053906
5 0.355469 0.444922 0.051562 0.052344
6 0.701562 0.450391 0.084375 0.116406
5 0.505469 0.462891 0.048438 0.053906
10 0.673438 0.496484 0.100000 0.158594
5 0.532031 0.568750 0.070312 0.087500
2 0.839844 0.762500 0.320312 0.475000
5 0.608594 0.780859 0.120313 0.214844
