5 0.305469 0.414453 0.026562 0.028906
5 0.360156 0.433203 0.029687 0.041406
5 0.405469 0.437500 0.026562 0.037500
5 0.558594 0.447266 0.039062 0.060156
5 0.603125 0.448828 0.037500 0.047656
5 0.341406 0.464453 0.026562 0.053906
5 0.395313 0.476562 0.034375 0.043750
8 0.310156 0.483984 0.057813 0.096094
10 0.214062 0.493750 0.087500 0.137500
5 0.514062 0.501172 0.043750 0.064844
5 0.398438 0.506641 0.040625 0.060156
5 0.596094 0.516016 0.048438 0.060156
8 0.235156 0.587109 0.089063 0.139844
5 0.334375 0.612109 0.068750 0.089844
10 0.078906 0.626563 0.157812 0.231250
5 0.322656 0.708984 0.082812 0.102344
5 0.892969 0.745313 0.135937 0.168750
10 0.095312 0.821875 0.190625 0.337500
5 0.661719 0.843359 0.135937 0.208594
5 0.244531 0.918750 0.139063 0.162500
