5 0.515625 0.282422 0.009375 0.014844
2 0.376563 0.289062 0.025000 0.056250
5 0.346094 0.296875 0.023438 0.018750
2 0.490625 0.296875 0.028125 0.043750
5 0.513281 0.305859 0.017188 0.027344
5 0.457813 0.305859 0.009375 0.021094
5 0.549219 0.305859 0.017188 0.021094
5 0.317969 0.317578 0.026562 0.035156
5 0.396875 0.325000 0.028125 0.043750
5 0.353906 0.328125 0.029687 0.050000
5 0.507812 0.328125 0.015625 0.031250
5 0.468750 0.329688 0.031250 0.025000
2 0.635156 0.369141 0.082812 0.122656
2 0.567187 0.378516 0.065625 0.110156
5 0.371875 0.390234 0.031250 0.052344
5 0.305469 0.396875 0.051562 0.062500
1 0.505469 0.414453 0.085938 0.128906
5 0.703906 0.416016 0.045312 0.035156
2 0.203125 0.419141 0.081250 0.097656
5 0.273438 0.452734 0.053125 0.108594
5 0.358594 0.476172 0.051562 0.089844
5 0.700781 0.480078 0.073438 0.097656
5 0.809375 0.494922 0.050000 0.039844
8 0.195312 0.525391 0.075000 0.122656
5 0.822656 0.565234 0.107813 0.146094
5 0.068750 0.752734 0.115625 0.271094
5 0.606250 0.784375 0.115625 0.193750
5 0.222656 0.856641 0.145313 0.185156
