5 0.380469 0.375000 0.035937 0.056250
11 0.612500 0.379297 0.040625 0.071094
5 0.320312 0.393750 0.034375 0.043750
5 0.497656 0.412109 0.045312 0.064844
2 0.170313 0.433984 0.131250 0.177344
5 0.364844 0.441016 0.039062 0.047656
5 0.275781 0.462500 0.045312 0.062500
5 0.342187 0.514453 0.059375 0.078906
5 0.614062 0.530859 0.068750 0.089844
10 0.730469 0.602734 0.142187 0.252344
11 0.871094 0.621484 0.110937 0.152344
2 0.103906 0.642578 0.207813 0.272656
4 0.567969 0.656641 0.092188 0.166406
5 0.261719 0.712891 0.114062 0.153906
10 0.850781 0.758984 0.176563 0.258594
