5 0.389062 0.350391 0.034375 0.053906
6 0.282031 0.351953 0.054688 0.066406
5 0.349219 0.353125 0.042188 0.056250
6 0.300781 0.410547 0.039062 0.046094
2 0.689063 0.440625 0.121875 0.162500
6 0.268750 0.443750 0.096875 0.143750
5 0.357031 0.448047 0.057813 0.083594
5 0.600781 0.453125 0.057813 0.075000
5 0.341406 0.490625 0.067187 0.100000
5 0.515625 0.500000 0.062500 0.081250
5 0.722656 0.510547 0.073438 0.096094
5 0.626563 0.523438 0.065625 0.100000
5 0.537500 0.548047 0.075000 0.108594
5 0.790625 0.576172 0.084375 0.077344
6 0.664844 0.579297 0.101562 0.183594
5 0.594531 0.637109 0.101562 0.133594
2 0.906250 0.641797 0.187500 0.421094
8 0.546875 0.714453 0.109375 0.216406
5 0.136719 0.718359 0.142187 0.196094
6 0.829688 0.780078 0.231250 0.397656
