9 0.310156 0.412500 0.057813 0.087500
5 0.411719 0.417187 0.026562 0.037500
10 0.567969 0.443359 0.057813 0.102344
5 0.408594 0.443359 0.029687 0.033594
5 0.499219 0.444922 0.032813 0.052344
12 0.263281 0.451562 0.079687 0.118750
9 0.323437 0.454297 0.062500 0.108594
5 0.387500 0.487109 0.034375 0.046094
5 0.528125 0.534766 0.043750 0.060156
5 0.283594 0.537109 0.054688 0.058594
8 0.189062 0.551172 0.078125 0.114844
5 0.364844 0.554297 0.054688 0.071094
8 0.746875 0.609766 0.096875 0.128906
7 0.350781 0.634375 0.070312 0.100000
8 0.054688 0.698828 0.109375 0.172656
5 0.312500 0.773047 0.096875 0.133594
5 0.096094 0.856250 0.139063 0.156250
