1 0.362500 0.401562 0.046875 0.068750
10 0.300781 0.428516 0.045312 0.066406
9 0.332813 0.441016 0.065625 0.085156
5 0.399219 0.440625 0.032813 0.043750
10 0.264062 0.454297 0.053125 0.083594
5 0.388281 0.492188 0.042188 0.050000
10 0.293750 0.512109 0.065625 0.096094
9 0.172656 0.522266 0.132812 0.178906
5 0.373437 0.531641 0.050000 0.060156
5 0.552344 0.575000 0.060937 0.087500
5 0.349219 0.587891 0.057813 0.066406
5 0.331250 0.646875 0.075000 0.100000
12 0.064844 0.696875 0.129688 0.287500
7 0.327344 0.718359 0.085938 0.127344
5 0.293750 0.837500 0.112500 0.150000
5 0.677344 0.901563 0.157812 0.196875
