8 0.371875 0.300000 0.031250 0.043750
8 0.405469 0.305078 0.032813 0.035156
5 0.388281 0.334375 0.035937 0.031250
5 0.385937 0.369922 0.043750 0.052344
5 0.520312 0.386328 0.034375 0.060156
8 0.287500 0.401562 0.084375 0.143750
8 0.619531 0.437500 0.082812 0.106250
5 0.484375 0.444141 0.040625 0.066406
2 0.744531 0.465234 0.179688 0.202344
5 0.579688 0.496484 0.068750 0.083594
5 0.510156 0.498828 0.067187 0.085156
8 0.078906 0.529687 0.117188 0.150000
8 0.693750 0.544922 0.084375 0.127344
5 0.537500 0.592187 0.090625 0.137500
2 0.776563 0.612109 0.178125 0.283594
5 0.150781 0.652734 0.107813 0.108594
5 0.586719 0.695312 0.114062 0.156250
2 0.865625 0.791016 0.268750 0.416406
5 0.621094 0.873437 0.148438 0.250000
