5 0.347656 0.352734 0.026562 0.039844
6 0.279687 0.356250 0.053125 0.081250
5 0.366406 0.396875 0.032813 0.043750
5 0.492969 0.401953 0.042188 0.041406
8 0.567969 0.409766 0.057813 0.097656
5 0.656250 0.419141 0.043750 0.047656
5 0.489063 0.425391 0.034375 0.047656
5 0.506250 0.459375 0.046875 0.062500
5 0.717187 0.467578 0.062500 0.072656
5 0.603125 0.474609 0.050000 0.064844
5 0.523438 0.525391 0.056250 0.078906
6 0.862500 0.587109 0.218750 0.233594
5 0.303125 0.602734 0.084375 0.114844
5 0.552344 0.646875 0.095312 0.125000
5 0.780469 0.748828 0.135937 0.172656
5 0.650000 0.903125 0.140625 0.193750
