8 0.280469 0.447266 0.051562 0.072656
1 0.329688 0.455078 0.068750 0.097656
10 0.239063 0.471875 0.059375 0.062500
5 0.388281 0.471875 0.039062 0.043750
5 0.383594 0.501953 0.042188 0.041406
8 0.689844 0.518359 0.079687 0.102344
9 0.259375 0.540625 0.115625 0.156250
5 0.373437 0.541016 0.050000 0.060156
10 0.166406 0.545312 0.082812 0.131250
5 0.112500 0.556641 0.050000 0.072656
5 0.549219 0.565625 0.064062 0.081250
5 0.352344 0.587109 0.064062 0.064844
12 0.675781 0.590625 0.151562 0.231250
5 0.331250 0.648438 0.075000 0.100000
5 0.569531 0.694141 0.089063 0.128906
7 0.318750 0.731250 0.093750 0.131250
10 0.135156 0.734766 0.176563 0.247656
5 0.268750 0.912500 0.137500 0.175000
