5 0.384375 0.374609 0.034375 0.046094
6 0.293750 0.376563 0.071875 0.106250
8 0.238281 0.389453 0.045312 0.053906
5 0.610156 0.391016 0.042188 0.047656
5 0.492188 0.415625 0.040625 0.050000
10 0.193750 0.429297 0.062500 0.096094
5 0.581250 0.448047 0.046875 0.058594
9 0.685937 0.447266 0.103125 0.128906
5 0.510156 0.470703 0.051562 0.066406
10 0.126562 0.494922 0.093750 0.127344
5 0.640625 0.533203 0.065625 0.078906
5 0.338281 0.540234 0.064062 0.083594
5 0.720313 0.626172 0.100000 0.127344
10 0.086719 0.676172 0.173437 0.252344
5 0.620313 0.854297 0.131250 0.221094
5 0.200000 0.937500 0.165625 0.125000
