5 0.473438 0.364063 0.028125 0.031250
3 0.543750 0.365625 0.062500 0.087500
9 0.662500 0.387500 0.100000 0.112500
5 0.481250 0.393750 0.037500 0.043750
5 0.302344 0.402734 0.039062 0.052344
5 0.490625 0.435937 0.050000 0.062500
3 0.585156 0.435547 0.082812 0.158594
5 0.353906 0.439453 0.042188 0.053906
5 0.510156 0.462109 0.060937 0.039844
5 0.716406 0.490234 0.035937 0.064844
9 0.655469 0.500391 0.123438 0.228906
5 0.517188 0.512891 0.065625 0.091406
5 0.760938 0.525391 0.065625 0.072656
5 0.532031 0.560937 0.064062 0.087500
5 0.800000 0.576953 0.081250 0.103906
5 0.307031 0.588672 0.079687 0.114844
5 0.561719 0.592578 0.089063 0.135156
5 0.901563 0.658984 0.131250 0.152344
5 0.750781 0.701172 0.123438 0.164844
5 0.582812 0.720703 0.106250 0.153906
5 0.074219 0.728516 0.120313 0.135156
5 0.980469 0.818750 0.039062 0.162500
