2 0.575781 0.316016 0.051562 0.053906
8 0.332031 0.333203 0.045312 0.053906
2 0.528906 0.343359 0.054688 0.071094
5 0.478125 0.356250 0.037500 0.031250
8 0.376563 0.360547 0.046875 0.083594
2 0.603125 0.364453 0.056250 0.078906
8 0.551562 0.384766 0.046875 0.078906
8 0.305469 0.387500 0.048438 0.056250
5 0.483594 0.387500 0.039062 0.025000
8 0.652344 0.403125 0.064062 0.093750
5 0.491406 0.407813 0.032813 0.031250
5 0.572656 0.423047 0.032813 0.046094
5 0.504687 0.428516 0.046875 0.035156
5 0.591406 0.442188 0.045312 0.050000
8 0.707812 0.453125 0.093750 0.131250
5 0.503906 0.459375 0.042188 0.043750
5 0.517188 0.469141 0.043750 0.028906
8 0.620313 0.502734 0.059375 0.121094
8 0.517969 0.535937 0.070312 0.112500
8 0.670312 0.540234 0.115625 0.189844
8 0.733594 0.629297 0.057813 0.146094
5 0.557031 0.655078 0.107813 0.122656
2 0.849219 0.704297 0.210938 0.333594
5 0.598437 0.807422 0.137500 0.189844
2 0.906250 0.845313 0.096875 0.309375
5 0.642188 0.950000 0.156250 0.100000
