8 0.507812 0.346875 0.012500 0.025000
5 0.467187 0.346484 0.012500 0.014844
8 0.489063 0.348438 0.015625 0.025000
8 0.526563 0.365625 0.025000 0.037500
5 0.475781 0.368750 0.014063 0.018750
5 0.485156 0.383984 0.020313 0.021094
9 0.342969 0.389062 0.029687 0.043750
5 0.485156 0.405859 0.020313 0.033594
5 0.364844 0.420703 0.020313 0.028906
5 0.407031 0.420703 0.020313 0.028906
8 0.550000 0.432812 0.028125 0.056250
10 0.315625 0.465625 0.078125 0.125000
10 0.593750 0.469922 0.062500 0.102344
8 0.240625 0.472266 0.050000 0.072656
5 0.396875 0.471875 0.031250 0.043750
5 0.524219 0.507812 0.042188 0.068750
5 0.383594 0.508203 0.042188 0.053906
9 0.162500 0.649609 0.218750 0.302344
5 0.332813 0.650000 0.075000 0.112500
5 0.295312 0.739453 0.096875 0.116406
10 0.056250 0.866016 0.112500 0.266406
5 0.260937 0.901172 0.128125 0.164844
