5 0.320312 0.392578 0.034375 0.035156
8 0.342969 0.396484 0.020313 0.033594
5 0.414844 0.408984 0.017188 0.027344
5 0.369531 0.414453 0.023438 0.041406
5 0.489063 0.415625 0.015625 0.025000
5 0.404687 0.437891 0.018750 0.035156
5 0.348438 0.446875 0.025000 0.056250
5 0.397656 0.456250 0.023438 0.043750
5 0.586719 0.460547 0.035937 0.046094
5 0.504687 0.465234 0.037500 0.052344
8 0.314844 0.473047 0.057813 0.096094
10 0.235937 0.480078 0.081250 0.122656
5 0.401562 0.480859 0.031250 0.058594
8 0.276562 0.529297 0.071875 0.108594
5 0.349219 0.569141 0.064062 0.078906
10 0.112500 0.577734 0.159375 0.202344
5 0.653906 0.586328 0.073438 0.122656
5 0.747656 0.600391 0.076563 0.103906
5 0.348438 0.637109 0.071875 0.083594
10 0.110937 0.793750 0.221875 0.306250
5 0.271094 0.844141 0.114062 0.160156
5 0.870313 0.919141 0.159375 0.160156
5 0.688281 0.937500 0.170313 0.125000
