5 0.385937 0.368359 0.031250 0.039844
6 0.297656 0.371484 0.070312 0.102344
8 0.242188 0.381250 0.043750 0.050000
5 0.612500 0.396875 0.043750 0.050000
10 0.203125 0.421484 0.053125 0.089844
5 0.493750 0.421484 0.040625 0.052344
5 0.581250 0.448047 0.046875 0.058594
9 0.696094 0.450391 0.117188 0.128906
10 0.142969 0.477734 0.092188 0.114844
5 0.512500 0.481250 0.053125 0.068750
5 0.346094 0.515625 0.057813 0.075000
5 0.650781 0.540625 0.070312 0.081250
5 0.734375 0.639453 0.103125 0.128906
10 0.107813 0.643750 0.156250 0.231250
5 0.226562 0.884766 0.146875 0.178906
5 0.636719 0.889062 0.145313 0.221875
