1 0.464062 0.337109 0.043750 0.064844
1 0.525781 0.337500 0.051562 0.081250
5 0.469531 0.359375 0.026562 0.031250
8 0.620313 0.384375 0.062500 0.100000
1 0.564844 0.390234 0.067187 0.108594
5 0.480469 0.395313 0.032813 0.043750
5 0.296875 0.418359 0.037500 0.052344
5 0.652344 0.436328 0.045312 0.060156
5 0.497656 0.438672 0.042188 0.064844
5 0.514844 0.483984 0.042188 0.071094
5 0.339062 0.485938 0.062500 0.062500
9 0.764062 0.492188 0.159375 0.212500
5 0.620313 0.513672 0.068750 0.089844
8 0.185938 0.529687 0.103125 0.112500
5 0.527344 0.557813 0.073438 0.118750
5 0.953906 0.635547 0.092188 0.121094
5 0.717187 0.665234 0.115625 0.133594
5 0.567187 0.669922 0.106250 0.139844
