5 0.393750 0.331250 0.043750 0.062500
8 0.523438 0.333984 0.046875 0.077344
5 0.385156 0.343359 0.026562 0.046094
1 0.620313 0.346484 0.056250 0.064844
5 0.481250 0.369922 0.031250 0.027344
5 0.539844 0.375000 0.035937 0.056250
8 0.623437 0.383203 0.059375 0.066406
5 0.367188 0.390625 0.059375 0.050000
5 0.485938 0.399609 0.037500 0.039844
5 0.492969 0.431250 0.045312 0.062500
2 0.605469 0.446875 0.089063 0.137500
5 0.509375 0.475391 0.046875 0.085156
5 0.725000 0.504297 0.081250 0.083594
5 0.549219 0.600000 0.082812 0.118750
5 0.632812 0.879687 0.128125 0.240625
