6 0.267188 0.340625 0.059375 0.062500
5 0.385937 0.374609 0.031250 0.039844
2 0.193750 0.398047 0.071875 0.083594
5 0.560156 0.402734 0.035937 0.039844
6 0.271094 0.405859 0.092188 0.133594
5 0.590625 0.437891 0.046875 0.060156
5 0.516406 0.487109 0.051562 0.077344
6 0.166406 0.517188 0.167187 0.225000
10 0.747656 0.527734 0.095312 0.133594
5 0.639062 0.555078 0.068750 0.085156
8 0.043750 0.566016 0.087500 0.128906
5 0.557813 0.594922 0.075000 0.114844
10 0.741406 0.669141 0.145313 0.185156
5 0.291406 0.670703 0.098437 0.128906
