9 0.574219 0.450391 0.070312 0.135156
9 0.250781 0.465234 0.073438 0.096094
8 0.646875 0.479297 0.056250 0.096094
5 0.322656 0.487500 0.042188 0.056250
5 0.514062 0.497266 0.037500 0.053906
5 0.374219 0.513672 0.045312 0.064844
9 0.162500 0.533984 0.137500 0.164844
5 0.292187 0.536328 0.050000 0.060156
5 0.367188 0.567578 0.053125 0.072656
5 0.575000 0.578125 0.059375 0.093750
5 0.258594 0.591016 0.067187 0.091406
5 0.331250 0.652734 0.071875 0.083594
5 0.277344 0.839453 0.129688 0.178906
5 0.670312 0.901563 0.137500 0.196875
