2 0.547656 0.356250 0.057813 0.093750
5 0.384375 0.366797 0.040625 0.058594
8 0.266406 0.367578 0.039062 0.060156
5 0.488281 0.400391 0.042188 0.047656
5 0.302344 0.409766 0.045312 0.066406
2 0.582812 0.420703 0.078125 0.128906
5 0.353906 0.448437 0.045312 0.062500
5 0.500000 0.450391 0.053125 0.047656
2 0.746094 0.479297 0.082812 0.146094
5 0.514844 0.502734 0.064062 0.089844
2 0.669531 0.512500 0.157812 0.231250
5 0.542969 0.613672 0.098437 0.127344
5 0.267188 0.634766 0.109375 0.128906
8 0.892969 0.650000 0.173437 0.212500
5 0.572656 0.715234 0.098437 0.158594
5 0.044531 0.837500 0.082812 0.156250
5 0.627344 0.843750 0.142187 0.206250
5 0.921094 0.931641 0.157812 0.135156
5 0.682813 0.962500 0.143750 0.075000
