10 0.601562 0.424609 0.056250 0.096094
10 0.281250 0.442188 0.043750 0.075000
10 0.330469 0.462500 0.042188 0.075000
5 0.395313 0.478125 0.034375 0.043750
9 0.174219 0.530859 0.123438 0.164844
5 0.377344 0.534375 0.051562 0.068750
5 0.295312 0.552734 0.056250 0.064844
9 0.647656 0.566016 0.139063 0.191406
8 0.784375 0.579688 0.109375 0.162500
5 0.336719 0.691797 0.085938 0.121094
5 0.616406 0.800000 0.117188 0.200000
12 0.108594 0.809766 0.217188 0.378906
5 0.958594 0.849609 0.082812 0.208594
5 0.256250 0.915625 0.134375 0.168750
