9 0.358594 0.404687 0.054688 0.087500
5 0.501563 0.441016 0.034375 0.041406
10 0.569531 0.449609 0.054688 0.077344
10 0.321094 0.455859 0.064062 0.077344
5 0.389062 0.475000 0.034375 0.037500
5 0.383594 0.508203 0.042188 0.041406
5 0.517188 0.519141 0.046875 0.066406
8 0.203125 0.523438 0.078125 0.112500
1 0.253125 0.550391 0.121875 0.172656
5 0.367969 0.552734 0.054688 0.064844
10 0.109375 0.587109 0.109375 0.114844
5 0.569531 0.639453 0.070312 0.103906
5 0.333594 0.641797 0.070312 0.083594
5 0.296875 0.766016 0.103125 0.141406
10 0.926562 0.769141 0.146875 0.228906
10 0.104688 0.822266 0.209375 0.353906
