5 0.489844 0.418359 0.026562 0.033594
5 0.577344 0.424609 0.035937 0.046094
5 0.333594 0.468750 0.035937 0.043750
5 0.314063 0.500000 0.037500 0.043750
5 0.375781 0.506641 0.045312 0.053906
5 0.534375 0.507812 0.046875 0.068750
5 0.289844 0.540625 0.045312 0.068750
5 0.373437 0.553516 0.040625 0.060156
10 0.204687 0.590234 0.162500 0.221094
5 0.349219 0.598047 0.054688 0.058594
10 0.083594 0.607422 0.167187 0.202344
5 0.329688 0.659375 0.081250 0.112500
5 0.293750 0.758984 0.103125 0.133594
5 0.634375 0.863672 0.125000 0.239844
