10 0.567187 0.391016 0.053125 0.091406
2 0.221875 0.395703 0.096875 0.141406
4 0.485938 0.397266 0.037500 0.060156
5 0.610156 0.399609 0.039062 0.058594
5 0.306250 0.412109 0.040625 0.052344
5 0.366406 0.416797 0.042188 0.058594
10 0.596875 0.435937 0.050000 0.075000
5 0.502344 0.449609 0.042188 0.058594
8 0.234375 0.471484 0.062500 0.077344
9 0.757812 0.489063 0.121875 0.218750
5 0.519531 0.523047 0.064062 0.083594
12 0.688281 0.556250 0.195312 0.281250
5 0.318750 0.562500 0.087500 0.125000
5 0.188281 0.579688 0.076563 0.087500
5 0.569531 0.655078 0.098437 0.135156
5 0.228125 0.931641 0.150000 0.135156
