8 0.370312 0.297266 0.034375 0.060156
8 0.315625 0.369141 0.062500 0.103906
2 0.642969 0.398047 0.095312 0.108594
5 0.592969 0.452734 0.048438 0.077344
5 0.500781 0.461328 0.045312 0.060156
2 0.817187 0.493750 0.225000 0.250000
5 0.518750 0.498047 0.059375 0.083594
8 0.622656 0.504297 0.073438 0.146094
5 0.530469 0.521875 0.048438 0.068750
8 0.668750 0.548828 0.100000 0.210156
5 0.557031 0.565234 0.076563 0.114844
8 0.045312 0.575000 0.090625 0.156250
8 0.541406 0.632812 0.085938 0.181250
5 0.155469 0.634375 0.104688 0.137500
5 0.762500 0.669141 0.081250 0.178906
5 0.581250 0.745703 0.121875 0.191406
8 0.895312 0.791016 0.209375 0.416406
5 0.631250 0.896875 0.190625 0.206250
