9 0.506250 0.368359 0.025000 0.046094
10 0.350000 0.373828 0.031250 0.047656
8 0.366406 0.406250 0.029687 0.043750
5 0.400000 0.407813 0.025000 0.018750
8 0.321094 0.414062 0.032813 0.043750
5 0.489844 0.412891 0.020313 0.022656
5 0.398438 0.428516 0.028125 0.028906
5 0.308594 0.430859 0.026562 0.033594
10 0.349219 0.435937 0.035937 0.062500
5 0.259375 0.441797 0.034375 0.033594
5 0.403125 0.449609 0.031250 0.033594
5 0.329688 0.468359 0.037500 0.052344
5 0.392188 0.469141 0.034375 0.041406
5 0.273438 0.475391 0.034375 0.041406
5 0.378125 0.494922 0.037500 0.052344
9 0.187500 0.512109 0.112500 0.133594
5 0.299219 0.518750 0.048438 0.056250
5 0.371875 0.521875 0.046875 0.062500
5 0.262500 0.590234 0.062500 0.077344
9 0.072656 0.650000 0.145313 0.243750
5 0.341406 0.690234 0.082812 0.108594
5 0.171094 0.750000 0.107813 0.143750
5 0.240625 0.916016 0.128125 0.160156
