10 0.361719 0.409375 0.035937 0.062500
5 0.492188 0.410938 0.025000 0.037500
5 0.407813 0.415234 0.021875 0.033594
10 0.650781 0.470703 0.067187 0.116406
5 0.385156 0.484375 0.039062 0.050000
5 0.511719 0.501172 0.045312 0.064844
11 0.303906 0.509375 0.048438 0.068750
5 0.648438 0.573438 0.065625 0.100000
10 0.087500 0.599609 0.140625 0.202344
10 0.166406 0.658203 0.170313 0.241406
5 0.617188 0.795312 0.115625 0.181250
11 0.803125 0.799609 0.171875 0.308594
5 0.274219 0.854297 0.117188 0.158594
