2 0.681250 0.427734 0.071875 0.121094
1 0.271875 0.429297 0.112500 0.146094
8 0.500000 0.451562 0.059375 0.081250
2 0.605469 0.473438 0.067187 0.125000
5 0.333594 0.512891 0.067187 0.078906
2 0.835156 0.524609 0.198437 0.227344
5 0.510156 0.524609 0.073438 0.108594
2 0.647656 0.526172 0.082812 0.164844
5 0.532031 0.581250 0.076563 0.112500
2 0.739844 0.623437 0.076563 0.137500
5 0.551562 0.650391 0.093750 0.147656
2 0.841406 0.690625 0.217188 0.318750
5 0.264062 0.746875 0.143750 0.187500
5 0.678906 0.753125 0.132812 0.218750
2 0.912500 0.828516 0.175000 0.341406
1 0.603906 0.914062 0.148438 0.171875
