2 0.271875 0.356250 0.068750 0.106250
5 0.335938 0.365625 0.028125 0.043750
5 0.378906 0.375391 0.032813 0.035156
2 0.290625 0.400391 0.071875 0.103906
12 0.598437 0.423047 0.093750 0.158594
5 0.357031 0.426563 0.045312 0.056250
11 0.655469 0.433984 0.051562 0.083594
3 0.518750 0.446875 0.081250 0.156250
11 0.716406 0.483984 0.073438 0.121094
5 0.329688 0.509375 0.062500 0.075000
5 0.205469 0.544141 0.079687 0.085156
5 0.569531 0.598437 0.085938 0.137500
8 0.035156 0.603125 0.070312 0.181250
5 0.253125 0.766016 0.121875 0.153906
8 0.043750 0.853516 0.087500 0.178906
