5 0.389062 0.351953 0.034375 0.041406
8 0.339844 0.354687 0.039062 0.050000
2 0.550781 0.369922 0.064062 0.127344
8 0.244531 0.380859 0.057813 0.077344
5 0.607812 0.394141 0.043750 0.047656
1 0.657813 0.396484 0.071875 0.108594
5 0.485156 0.413672 0.035937 0.052344
5 0.507031 0.460547 0.051562 0.071094
6 0.745313 0.484766 0.118750 0.128906
5 0.632812 0.509766 0.059375 0.078906
5 0.530469 0.531250 0.064062 0.087500
10 0.908594 0.671875 0.182812 0.268750
5 0.249219 0.731641 0.120313 0.135156
5 0.583594 0.740234 0.107813 0.164844
