9 0.495312 0.354297 0.025000 0.046094
10 0.345313 0.381250 0.034375 0.056250
5 0.477344 0.382812 0.017188 0.018750
8 0.366406 0.406250 0.029687 0.043750
5 0.400000 0.407813 0.025000 0.018750
8 0.313281 0.417578 0.042188 0.060156
5 0.289062 0.418750 0.025000 0.025000
5 0.398438 0.428516 0.028125 0.028906
10 0.347656 0.437500 0.035937 0.062500
5 0.403125 0.449609 0.031250 0.033594
5 0.281250 0.457422 0.034375 0.039844
5 0.329688 0.468359 0.037500 0.052344
5 0.392188 0.469141 0.034375 0.041406
5 0.273438 0.487891 0.037500 0.041406
5 0.378125 0.494922 0.037500 0.052344
5 0.285938 0.539453 0.050000 0.066406
5 0.367969 0.539453 0.054688 0.078906
9 0.150000 0.541797 0.143750 0.158594
5 0.632812 0.551562 0.062500 0.068750
5 0.240625 0.629687 0.075000 0.087500
9 0.042188 0.696484 0.084375 0.221094
5 0.304688 0.796484 0.106250 0.139844
5 0.074219 0.900391 0.145313 0.191406
