10 0.305469 0.412109 0.048438 0.077344
5 0.404687 0.432812 0.028125 0.043750
8 0.339844 0.440234 0.042188 0.058594
8 0.556250 0.443750 0.037500 0.068750
10 0.262500 0.456250 0.078125 0.118750
5 0.332031 0.468359 0.035937 0.046094
5 0.502344 0.469141 0.035937 0.047656
5 0.385156 0.472266 0.035937 0.047656
1 0.625781 0.521875 0.120313 0.168750
5 0.160156 0.523828 0.057813 0.072656
10 0.282813 0.532813 0.087500 0.131250
5 0.192188 0.546484 0.053125 0.064844
5 0.371875 0.565625 0.053125 0.062500
8 0.788281 0.615234 0.104688 0.108594
5 0.051562 0.684766 0.090625 0.128906
5 0.317969 0.687891 0.085938 0.116406
5 0.146875 0.737500 0.112500 0.150000
5 0.665625 0.900391 0.146875 0.197656
