10 0.532813 0.401562 0.034375 0.068750
9 0.298438 0.412109 0.062500 0.083594
5 0.409375 0.426172 0.028125 0.039844
5 0.492188 0.431641 0.025000 0.035156
5 0.406250 0.458203 0.037500 0.041406
8 0.626563 0.466797 0.056250 0.058594
9 0.307031 0.476172 0.076563 0.127344
12 0.233594 0.482422 0.092188 0.139844
5 0.381250 0.508203 0.046875 0.053906
5 0.363281 0.575000 0.064062 0.081250
8 0.146094 0.600391 0.104688 0.128906
5 0.250000 0.605859 0.078125 0.083594
7 0.339844 0.667578 0.079687 0.110156
5 0.303125 0.810547 0.106250 0.146094
