9 0.372656 0.394141 0.042188 0.066406
12 0.324219 0.400000 0.045312 0.068750
5 0.406250 0.429688 0.034375 0.037500
5 0.492969 0.431641 0.032813 0.041406
5 0.355469 0.438672 0.032813 0.039844
8 0.284375 0.451953 0.043750 0.066406
5 0.394531 0.458984 0.032813 0.039844
10 0.612500 0.501172 0.065625 0.114844
8 0.229687 0.506641 0.059375 0.078906
7 0.382031 0.518359 0.045312 0.064844
5 0.292187 0.526563 0.053125 0.056250
5 0.362500 0.600000 0.065625 0.081250
5 0.233594 0.608984 0.067187 0.064844
10 0.075000 0.631641 0.137500 0.160156
5 0.207813 0.699609 0.090625 0.102344
5 0.308594 0.758203 0.101562 0.116406
