3 0.543750 0.359375 0.062500 0.087500
5 0.473438 0.364063 0.028125 0.031250
9 0.656250 0.390625 0.087500 0.118750
5 0.481250 0.393750 0.037500 0.043750
3 0.585156 0.433984 0.082812 0.158594
5 0.490625 0.435937 0.050000 0.062500
5 0.509375 0.453125 0.043750 0.037500
5 0.716406 0.490234 0.035937 0.064844
9 0.655469 0.500391 0.123438 0.228906
5 0.514844 0.506250 0.064062 0.087500
5 0.760938 0.525391 0.065625 0.072656
5 0.551562 0.573047 0.096875 0.121094
5 0.797656 0.578516 0.070312 0.097656
5 0.862500 0.626953 0.100000 0.116406
5 0.703125 0.639453 0.096875 0.141406
5 0.559375 0.656250 0.096875 0.118750
5 0.134375 0.656250 0.103125 0.125000
5 0.259375 0.707422 0.093750 0.127344
5 0.614844 0.852734 0.139063 0.221094
