5 0.384375 0.347266 0.028125 0.035156
10 0.535156 0.359766 0.042188 0.060156
8 0.272656 0.368750 0.045312 0.062500
5 0.480469 0.375391 0.032813 0.041406
5 0.543750 0.403125 0.025000 0.037500
11 0.639844 0.409766 0.039062 0.053906
5 0.489844 0.418750 0.039062 0.056250
12 0.594531 0.428125 0.085938 0.137500
10 0.690625 0.462891 0.075000 0.085156
5 0.511719 0.481641 0.054688 0.066406
5 0.775000 0.562891 0.078125 0.097656
5 0.669531 0.580859 0.085938 0.102344
5 0.589844 0.678516 0.089063 0.122656
11 0.931250 0.681250 0.137500 0.225000
