5 0.475781 0.357812 0.035937 0.031250
3 0.543750 0.369922 0.056250 0.089844
5 0.479687 0.384375 0.031250 0.037500
9 0.660156 0.396875 0.095312 0.118750
5 0.492969 0.407813 0.039062 0.031250
5 0.546094 0.419922 0.023438 0.052344
3 0.594531 0.438672 0.095312 0.164844
5 0.499219 0.447266 0.051562 0.053906
5 0.513281 0.486328 0.060937 0.060156
3 0.081250 0.525000 0.162500 0.206250
5 0.524219 0.531250 0.067187 0.081250
5 0.332031 0.537109 0.064062 0.077344
5 0.796875 0.558984 0.071875 0.114844
9 0.710156 0.571875 0.157812 0.293750
5 0.548438 0.601562 0.084375 0.118750
5 0.892969 0.678125 0.101562 0.131250
5 0.621094 0.797266 0.145313 0.241406
