5 0.479687 0.374609 0.034375 0.039844
10 0.552344 0.383203 0.048438 0.091406
5 0.489844 0.406250 0.042188 0.056250
12 0.638281 0.416797 0.089063 0.096094
5 0.514062 0.428125 0.040625 0.050000
8 0.266406 0.437891 0.067187 0.103906
5 0.168750 0.475391 0.059375 0.066406
4 0.511719 0.475000 0.064062 0.112500
5 0.768750 0.480859 0.065625 0.077344
5 0.856250 0.544922 0.081250 0.089844
10 0.658594 0.556641 0.114062 0.166406
10 0.792188 0.587891 0.115625 0.135156
5 0.555469 0.599609 0.082812 0.121094
11 0.950000 0.733984 0.100000 0.202344
5 0.799219 0.759766 0.129688 0.178906
5 0.628906 0.848828 0.142187 0.222656
