2 0.653906 0.416797 0.064062 0.108594
5 0.554688 0.427734 0.037500 0.077344
5 0.490625 0.429688 0.046875 0.062500
8 0.587500 0.454688 0.056250 0.112500
2 0.803906 0.484375 0.176563 0.193750
5 0.497656 0.498828 0.054688 0.097656
8 0.637500 0.505859 0.084375 0.139844
5 0.525000 0.553516 0.075000 0.128906
7 0.958594 0.604688 0.082812 0.150000
1 0.120313 0.612891 0.231250 0.353906
5 0.543750 0.642578 0.081250 0.185156
2 0.828125 0.655859 0.209375 0.283594
5 0.653906 0.670312 0.114062 0.168750
5 0.597656 0.884375 0.135937 0.225000
5 0.187500 0.912891 0.153125 0.172656
