8 0.305469 0.377734 0.064062 0.102344
5 0.478125 0.384766 0.040625 0.047656
5 0.382031 0.385547 0.045312 0.046094
2 0.561719 0.393359 0.082812 0.127344
2 0.661719 0.406250 0.092188 0.112500
8 0.228906 0.455078 0.064062 0.097656
5 0.356250 0.455859 0.059375 0.064844
5 0.505469 0.466016 0.051562 0.072656
5 0.621875 0.500000 0.062500 0.100000
1 0.752344 0.603516 0.223438 0.322656
5 0.297656 0.610938 0.079687 0.100000
5 0.594531 0.640625 0.098437 0.143750
5 0.922656 0.695703 0.123438 0.141406
5 0.075781 0.703516 0.135937 0.141406
5 0.667188 0.891016 0.175000 0.216406
