10 0.353125 0.365234 0.031250 0.046094
10 0.331250 0.396875 0.043750 0.068750
5 0.307031 0.398438 0.032813 0.037500
5 0.423438 0.405859 0.021875 0.027344
5 0.403906 0.409766 0.023438 0.028906
8 0.362500 0.412500 0.037500 0.050000
5 0.396875 0.431641 0.031250 0.035156
10 0.341406 0.450391 0.048438 0.078906
5 0.399219 0.452734 0.035937 0.046094
8 0.275781 0.459375 0.060937 0.087500
5 0.390625 0.474609 0.040625 0.046094
5 0.309375 0.494141 0.046875 0.066406
5 0.373437 0.509375 0.053125 0.068750
5 0.228125 0.518359 0.050000 0.064844
8 0.638281 0.519141 0.082812 0.141406
5 0.150000 0.543359 0.071875 0.064844
5 0.274219 0.558203 0.060937 0.078906
5 0.217188 0.666016 0.106250 0.128906
9 0.044531 0.705859 0.089063 0.277344
5 0.288281 0.781250 0.120313 0.168750
5 0.800781 0.796484 0.151562 0.177344
