5 0.360938 0.419141 0.034375 0.041406
5 0.405469 0.427734 0.032813 0.039844
5 0.305469 0.435937 0.042188 0.050000
8 0.612500 0.448437 0.046875 0.075000
5 0.497656 0.450000 0.032813 0.043750
5 0.343750 0.453125 0.040625 0.043750
5 0.403906 0.462891 0.039062 0.041406
5 0.564844 0.465234 0.035937 0.046094
5 0.250000 0.482422 0.043750 0.039844
5 0.324219 0.487891 0.042188 0.041406
5 0.383594 0.509375 0.045312 0.050000
5 0.305469 0.515625 0.048438 0.062500
5 0.521094 0.538672 0.051562 0.064844
5 0.375000 0.549609 0.046875 0.058594
9 0.139844 0.557813 0.135937 0.181250
10 0.250781 0.570312 0.101562 0.131250
5 0.723437 0.575000 0.075000 0.093750
5 0.383594 0.603125 0.060937 0.087500
10 0.195312 0.640625 0.118750 0.156250
8 0.710156 0.665625 0.139063 0.175000
9 0.039844 0.671484 0.079687 0.189844
5 0.583594 0.676172 0.085938 0.139844
5 0.307812 0.684766 0.096875 0.103906
5 0.289844 0.809375 0.104688 0.131250
9 0.096875 0.825391 0.193750 0.347656
5 0.229687 0.939063 0.156250 0.121875
