10 0.292969 0.415625 0.054688 0.081250
5 0.602344 0.432812 0.039062 0.043750
5 0.548438 0.442188 0.034375 0.050000
5 0.502344 0.448047 0.035937 0.046094
8 0.333594 0.449609 0.045312 0.071094
5 0.637500 0.469141 0.050000 0.060156
5 0.395313 0.473047 0.034375 0.046094
10 0.232031 0.477734 0.082812 0.127344
5 0.576562 0.495312 0.046875 0.068750
5 0.368750 0.525000 0.046875 0.068750
5 0.159375 0.527734 0.059375 0.064844
5 0.637500 0.566797 0.062500 0.083594
5 0.536719 0.575000 0.054688 0.081250
10 0.237500 0.593359 0.118750 0.164844
8 0.771875 0.594922 0.084375 0.127344
5 0.333594 0.668750 0.073438 0.087500
5 0.102344 0.671484 0.073438 0.089844
5 0.651563 0.875000 0.143750 0.206250
