10 0.345313 0.386328 0.031250 0.060156
10 0.326562 0.404297 0.043750 0.071094
10 0.292187 0.423047 0.046875 0.071094
5 0.531250 0.429297 0.037500 0.046094
5 0.359375 0.437500 0.028125 0.037500
5 0.400781 0.446484 0.035937 0.046094
10 0.251563 0.471484 0.081250 0.108594
5 0.529687 0.497266 0.040625 0.072656
5 0.382812 0.510547 0.043750 0.071094
10 0.266406 0.511328 0.104688 0.172656
5 0.364844 0.568750 0.057813 0.087500
9 0.157812 0.643750 0.218750 0.331250
5 0.331250 0.660937 0.093750 0.137500
5 0.294531 0.753125 0.095312 0.150000
10 0.075000 0.864062 0.150000 0.268750
5 0.258594 0.900391 0.135937 0.197656
