10 0.348438 0.373437 0.034375 0.050000
10 0.331250 0.394141 0.053125 0.078906
5 0.302344 0.403516 0.026562 0.035156
5 0.423438 0.405859 0.021875 0.027344
5 0.405469 0.409766 0.023438 0.028906
8 0.363281 0.415234 0.042188 0.058594
8 0.559375 0.420703 0.059375 0.091406
5 0.396875 0.428516 0.031250 0.035156
5 0.397656 0.441016 0.032813 0.028906
5 0.257812 0.443359 0.034375 0.039844
5 0.289844 0.446484 0.039062 0.052344
10 0.336719 0.455078 0.057813 0.085156
5 0.402344 0.459766 0.039062 0.047656
5 0.225781 0.460547 0.042188 0.058594
5 0.389062 0.472266 0.050000 0.060156
8 0.253125 0.474609 0.084375 0.096094
5 0.307812 0.499609 0.053125 0.071094
5 0.598437 0.501172 0.056250 0.064844
5 0.365625 0.539453 0.071875 0.091406
5 0.606250 0.556641 0.078125 0.110156
5 0.193750 0.558984 0.071875 0.096094
5 0.267188 0.578125 0.081250 0.093750
5 0.580469 0.618359 0.092188 0.127344
5 0.133594 0.787891 0.142187 0.191406
5 0.191406 0.943359 0.189062 0.108594
