8 0.327344 0.412500 0.029687 0.050000
10 0.592969 0.416016 0.042188 0.072656
5 0.404687 0.426172 0.028125 0.027344
8 0.285938 0.449609 0.040625 0.058594
5 0.339062 0.456250 0.031250 0.043750
7 0.397656 0.466016 0.029687 0.047656
5 0.306250 0.486328 0.034375 0.035156
5 0.382812 0.511328 0.037500 0.047656
5 0.309375 0.521875 0.043750 0.056250
10 0.188281 0.528125 0.082812 0.112500
5 0.360156 0.598828 0.060937 0.072656
10 0.224219 0.612500 0.110937 0.143750
8 0.098437 0.612500 0.112500 0.143750
5 0.766406 0.733984 0.107813 0.158594
