5 0.375000 0.362109 0.034375 0.039844
5 0.289062 0.365234 0.034375 0.052344
8 0.550781 0.379297 0.045312 0.083594
5 0.319531 0.382812 0.026562 0.043750
5 0.371094 0.396875 0.039062 0.043750
5 0.500000 0.419141 0.040625 0.041406
8 0.702344 0.426953 0.070312 0.078906
5 0.511719 0.453516 0.057813 0.053906
5 0.593750 0.457813 0.043750 0.081250
5 0.522656 0.493750 0.045312 0.062500
8 0.769531 0.496875 0.107813 0.156250
8 0.619531 0.507422 0.051562 0.114844
8 0.670312 0.544922 0.103125 0.202344
5 0.552344 0.559766 0.070312 0.097656
8 0.539062 0.589063 0.087500 0.118750
8 0.744531 0.633203 0.073438 0.128906
2 0.859375 0.709766 0.234375 0.366406
5 0.580469 0.716016 0.107813 0.135156
5 0.614844 0.830859 0.123438 0.139844
2 0.921094 0.843750 0.157812 0.312500
5 0.646875 0.943750 0.146875 0.112500
