8 0.353125 0.287109 0.028125 0.046094
5 0.407031 0.290234 0.023438 0.027344
5 0.376563 0.303516 0.025000 0.041406
2 0.580469 0.316016 0.057813 0.066406
5 0.395313 0.325000 0.025000 0.037500
6 0.528125 0.350391 0.053125 0.072656
5 0.481250 0.357812 0.034375 0.031250
5 0.481250 0.385937 0.034375 0.037500
5 0.490625 0.421484 0.040625 0.052344
2 0.607812 0.440625 0.118750 0.206250
5 0.339062 0.451953 0.062500 0.078906
5 0.669531 0.460547 0.048438 0.071094
8 0.134375 0.470703 0.090625 0.128906
1 0.766406 0.501953 0.151562 0.216406
5 0.524219 0.525391 0.070312 0.091406
5 0.208594 0.558984 0.101562 0.121094
6 0.920312 0.687500 0.159375 0.281250
5 0.580469 0.696875 0.114062 0.168750
5 0.671875 0.954688 0.159375 0.090625
