8 0.327344 0.312109 0.032813 0.046094
5 0.394531 0.331641 0.026562 0.035156
8 0.286719 0.350000 0.039062 0.056250
2 0.607812 0.348828 0.068750 0.110156
8 0.334375 0.356250 0.040625 0.056250
2 0.549219 0.365234 0.064062 0.108594
5 0.380469 0.365625 0.032813 0.043750
1 0.489063 0.383984 0.062500 0.108594
5 0.697656 0.421484 0.039062 0.046094
5 0.657031 0.437109 0.048438 0.064844
5 0.343750 0.500000 0.062500 0.068750
8 0.226562 0.516797 0.100000 0.121094
2 0.078125 0.543359 0.156250 0.171094
5 0.536719 0.562500 0.073438 0.100000
2 0.900000 0.632812 0.200000 0.306250
2 0.743750 0.643750 0.237500 0.362500
8 0.096875 0.712109 0.168750 0.227344
5 0.257812 0.855859 0.131250 0.152344
