10 0.274219 0.446484 0.067187 0.108594
5 0.387500 0.457813 0.034375 0.043750
5 0.338281 0.469141 0.032813 0.041406
5 0.203906 0.491016 0.051562 0.047656
5 0.510156 0.493750 0.035937 0.062500
8 0.594531 0.503516 0.060937 0.103906
10 0.296094 0.516797 0.082812 0.121094
5 0.210156 0.520703 0.045312 0.053906
5 0.382812 0.526953 0.046875 0.053906
5 0.519531 0.554688 0.051562 0.062500
5 0.051562 0.612109 0.065625 0.089844
5 0.335938 0.626953 0.075000 0.103906
5 0.098437 0.637500 0.081250 0.106250
5 0.181250 0.684766 0.100000 0.128906
1 0.765625 0.701953 0.253125 0.353906
5 0.947656 0.802734 0.104688 0.171094
5 0.089063 0.884766 0.162500 0.172656
