2 0.375781 0.293359 0.026562 0.046094
8 0.333594 0.304297 0.029687 0.046094
7 0.401562 0.305859 0.028125 0.033594
5 0.389844 0.336328 0.029687 0.035156
5 0.371094 0.381250 0.035937 0.043750
2 0.236719 0.381641 0.076563 0.110156
8 0.553125 0.387500 0.046875 0.087500
8 0.667188 0.401562 0.093750 0.143750
5 0.571094 0.424609 0.032813 0.052344
5 0.595313 0.447266 0.043750 0.066406
8 0.337500 0.454297 0.053125 0.071094
5 0.502344 0.462500 0.039062 0.062500
8 0.728906 0.484375 0.101562 0.150000
5 0.517188 0.495312 0.059375 0.081250
8 0.622656 0.509766 0.067187 0.135156
8 0.202344 0.513672 0.098437 0.139844
5 0.530469 0.534766 0.064062 0.085156
8 0.667969 0.549609 0.107813 0.202344
5 0.558594 0.576953 0.070312 0.103906
8 0.535937 0.623047 0.081250 0.158594
8 0.917188 0.628516 0.159375 0.228906
8 0.764844 0.650391 0.098437 0.160156
2 0.863281 0.733984 0.229687 0.389844
5 0.573438 0.742188 0.100000 0.175000
5 0.613281 0.862500 0.135937 0.206250
5 0.196094 0.934375 0.151562 0.131250
5 0.642969 0.950391 0.151562 0.097656
