5 0.593750 0.437500 0.028125 0.037500
10 0.274219 0.446484 0.067187 0.108594
5 0.392188 0.450000 0.034375 0.043750
5 0.341406 0.459766 0.032813 0.041406
5 0.224219 0.468359 0.045312 0.039844
5 0.566406 0.468359 0.035937 0.052344
5 0.512500 0.474609 0.034375 0.052344
5 0.217188 0.504297 0.040625 0.046094
10 0.297656 0.515234 0.082812 0.121094
5 0.384375 0.519141 0.046875 0.053906
5 0.526563 0.549609 0.050000 0.083594
8 0.642969 0.566016 0.085938 0.141406
5 0.103125 0.569141 0.071875 0.078906
5 0.346875 0.600000 0.062500 0.081250
5 0.121094 0.610547 0.079687 0.096094
5 0.544531 0.643359 0.067187 0.096094
5 0.198437 0.656641 0.087500 0.110156
1 0.873437 0.825000 0.253125 0.350000
5 0.139063 0.826562 0.159375 0.156250
