8 0.344531 0.396875 0.026562 0.037500
5 0.380469 0.400391 0.029687 0.035156
7 0.414844 0.409375 0.026562 0.025000
5 0.369531 0.421484 0.026562 0.033594
5 0.407031 0.431641 0.023438 0.028906
5 0.491406 0.431641 0.026562 0.041406
10 0.283594 0.443359 0.045312 0.064844
10 0.343750 0.452734 0.043750 0.058594
5 0.400000 0.466016 0.034375 0.041406
8 0.229687 0.485938 0.056250 0.075000
8 0.287500 0.512891 0.065625 0.103906
10 0.190625 0.519922 0.075000 0.102344
5 0.363281 0.592187 0.060937 0.075000
10 0.209375 0.634375 0.109375 0.156250
5 0.324219 0.745703 0.101562 0.128906
5 0.629687 0.803125 0.112500 0.181250
8 0.901563 0.900000 0.196875 0.200000
