9 0.545312 0.415625 0.050000 0.093750
8 0.589844 0.420703 0.039062 0.066406
5 0.493750 0.434766 0.025000 0.035156
5 0.287500 0.441016 0.028125 0.041406
5 0.337500 0.456641 0.031250 0.041406
5 0.514062 0.475000 0.043750 0.056250
9 0.243750 0.480859 0.078125 0.121094
5 0.316406 0.490625 0.042188 0.056250
5 0.374219 0.513672 0.045312 0.064844
5 0.288281 0.541016 0.051562 0.066406
9 0.143750 0.552734 0.159375 0.177344
5 0.367188 0.581641 0.056250 0.078906
5 0.549219 0.587500 0.060937 0.093750
5 0.250781 0.601953 0.070312 0.091406
5 0.323437 0.676172 0.075000 0.089844
5 0.650000 0.812891 0.125000 0.191406
5 0.240625 0.915625 0.175000 0.168750
