10 0.335938 0.443750 0.056250 0.062500
9 0.647656 0.465234 0.073438 0.102344
5 0.388281 0.471875 0.039062 0.043750
8 0.229687 0.494141 0.059375 0.091406
5 0.515625 0.494922 0.040625 0.064844
5 0.383594 0.501953 0.042188 0.041406
1 0.635156 0.511328 0.114062 0.147656
1 0.285938 0.515234 0.096875 0.133594
10 0.158594 0.542578 0.092188 0.085156
5 0.370312 0.544141 0.050000 0.060156
5 0.344531 0.608984 0.064062 0.064844
5 0.570312 0.619141 0.068750 0.103906
10 0.760938 0.687891 0.181250 0.266406
5 0.321094 0.690625 0.085938 0.106250
9 0.127344 0.740625 0.254688 0.343750
7 0.267969 0.912500 0.142187 0.175000
