5 0.599219 0.378516 0.039062 0.041406
6 0.283594 0.387109 0.079687 0.114844
5 0.378906 0.392578 0.035937 0.047656
5 0.489844 0.403516 0.035937 0.047656
8 0.218750 0.404297 0.053125 0.058594
5 0.572656 0.432422 0.042188 0.052344
9 0.667188 0.433984 0.096875 0.121094
10 0.167969 0.450391 0.070312 0.091406
5 0.504687 0.453125 0.046875 0.062500
5 0.621875 0.497266 0.059375 0.066406
10 0.082031 0.532422 0.110937 0.139844
5 0.686719 0.580078 0.085938 0.110156
5 0.307031 0.643359 0.085938 0.108594
5 0.584375 0.729297 0.106250 0.171094
