9 0.485938 0.339453 0.015625 0.028906
5 0.466406 0.351172 0.010937 0.014844
10 0.339062 0.387500 0.034375 0.056250
8 0.364844 0.406250 0.029687 0.043750
5 0.400000 0.407813 0.025000 0.018750
5 0.398438 0.428516 0.028125 0.028906
8 0.299219 0.436328 0.042188 0.060156
10 0.343750 0.443359 0.043750 0.071094
5 0.400000 0.452734 0.031250 0.033594
5 0.241406 0.459766 0.032813 0.035156
5 0.392188 0.470703 0.034375 0.041406
5 0.262500 0.482422 0.037500 0.039844
5 0.317188 0.487891 0.040625 0.053906
5 0.377344 0.500000 0.042188 0.056250
5 0.283594 0.536328 0.045312 0.060156
5 0.248438 0.596875 0.065625 0.081250
5 0.336719 0.633984 0.076563 0.114844
9 0.075000 0.637500 0.150000 0.243750
5 0.164062 0.753516 0.109375 0.122656
