8 0.646875 0.393750 0.056250 0.093750
11 0.587500 0.448828 0.053125 0.110156
8 0.691406 0.453125 0.026562 0.087500
9 0.784375 0.480078 0.150000 0.160156
5 0.496875 0.491016 0.053125 0.085156
11 0.621875 0.496484 0.081250 0.133594
5 0.518750 0.551172 0.065625 0.089844
7 0.943750 0.593750 0.112500 0.125000
5 0.542969 0.632422 0.092188 0.152344
5 0.651563 0.636328 0.118750 0.160156
2 0.821875 0.694141 0.206250 0.341406
1 0.101562 0.712109 0.203125 0.402344
2 0.900000 0.822266 0.200000 0.353906
5 0.589844 0.883984 0.129688 0.227344
