1 0.352344 0.424609 0.057813 0.077344
8 0.307031 0.428516 0.045312 0.066406
5 0.518750 0.465625 0.034375 0.056250
9 0.310156 0.471484 0.085938 0.114844
5 0.388281 0.471875 0.039062 0.043750
10 0.239844 0.480078 0.060937 0.097656
5 0.383594 0.501953 0.042188 0.041406
5 0.373437 0.541016 0.050000 0.060156
10 0.257031 0.570703 0.098437 0.116406
9 0.092969 0.585547 0.185938 0.233594
5 0.352344 0.587109 0.064062 0.064844
5 0.570312 0.644141 0.081250 0.128906
5 0.331250 0.648438 0.075000 0.100000
5 0.751563 0.716016 0.106250 0.178906
7 0.328906 0.718359 0.085938 0.127344
5 0.290625 0.840625 0.112500 0.150000
