9 0.265625 0.459375 0.071875 0.093750
5 0.328906 0.478516 0.035937 0.047656
9 0.604688 0.493359 0.093750 0.164844
5 0.378906 0.510938 0.045312 0.062500
9 0.172656 0.523828 0.129688 0.147656
5 0.298438 0.524609 0.043750 0.052344
8 0.742188 0.560547 0.103125 0.158594
5 0.372656 0.562109 0.051562 0.071094
5 0.266406 0.579297 0.060937 0.083594
5 0.556250 0.599609 0.059375 0.083594
5 0.335938 0.639453 0.068750 0.078906
10 0.110156 0.762891 0.220312 0.378906
5 0.296094 0.784375 0.117188 0.162500
5 0.709375 0.803125 0.125000 0.187500
