5 0.385156 0.341016 0.032813 0.041406
2 0.535937 0.348438 0.056250 0.112500
1 0.639062 0.373047 0.062500 0.083594
5 0.591406 0.379297 0.035937 0.046094
8 0.302344 0.396484 0.051562 0.064844
5 0.491406 0.416797 0.039062 0.046094
6 0.696094 0.431250 0.082812 0.093750
5 0.614844 0.434766 0.042188 0.053906
5 0.505469 0.462891 0.048438 0.053906
5 0.346094 0.468359 0.051562 0.052344
10 0.660937 0.481641 0.096875 0.135156
5 0.525781 0.559375 0.070312 0.087500
2 0.820312 0.730859 0.296875 0.458594
5 0.597656 0.753516 0.120313 0.210156
