8 0.403125 0.248828 0.015625 0.022656
8 0.413281 0.278516 0.017188 0.035156
8 0.350000 0.280859 0.018750 0.027344
8 0.385156 0.286328 0.023438 0.047656
8 0.360156 0.309375 0.023438 0.037500
2 0.503906 0.314453 0.032813 0.066406
8 0.392969 0.322266 0.029687 0.053906
5 0.471875 0.330078 0.018750 0.022656
2 0.585156 0.334766 0.039062 0.072656
5 0.480469 0.338672 0.001563 0.002344
8 0.339062 0.347266 0.031250 0.047656
5 0.473438 0.350000 0.025000 0.018750
5 0.478125 0.362109 0.028125 0.021094
8 0.534375 0.365234 0.034375 0.083594
5 0.478125 0.382422 0.021875 0.027344
8 0.618750 0.381641 0.040625 0.072656
5 0.488281 0.391016 0.001563 0.003906
8 0.560156 0.396875 0.045312 0.075000
5 0.482812 0.412500 0.025000 0.025000
8 0.666406 0.419141 0.051562 0.091406
5 0.491406 0.422266 0.023438 0.022656
5 0.507031 0.421484 0.001563 0.002344
5 0.580469 0.434375 0.026562 0.037500
5 0.503125 0.447266 0.040625 0.035156
5 0.602344 0.456641 0.035937 0.041406
5 0.513281 0.474609 0.042188 0.046094
8 0.739062 0.477734 0.081250 0.139844
5 0.159375 0.483203 0.059375 0.066406
5 0.524219 0.509766 0.051562 0.041406
8 0.624219 0.512500 0.042188 0.112500
5 0.304688 0.553516 0.078125 0.091406
8 0.675781 0.565234 0.089063 0.164844
5 0.527344 0.584766 0.070312 0.116406
8 0.737500 0.650391 0.043750 0.141406
2 0.825781 0.689453 0.160938 0.316406
5 0.570312 0.703125 0.090625 0.118750
5 0.075781 0.766016 0.123438 0.160156
5 0.611719 0.840625 0.123438 0.150000
2 0.927344 0.848437 0.145313 0.303125
5 0.248438 0.862891 0.121875 0.197656
5 0.644531 0.951562 0.132812 0.096875
