5 0.349219 0.343359 0.026562 0.039844
6 0.284375 0.350000 0.053125 0.081250
5 0.372656 0.382812 0.032813 0.043750
5 0.492969 0.401953 0.042188 0.041406
8 0.572656 0.416016 0.057813 0.097656
5 0.489063 0.425391 0.034375 0.047656
5 0.661719 0.429297 0.051562 0.058594
5 0.506250 0.459375 0.046875 0.062500
5 0.604688 0.476172 0.050000 0.064844
5 0.720313 0.478516 0.062500 0.072656
5 0.321875 0.536328 0.071875 0.085156
5 0.528906 0.537891 0.067187 0.091406
6 0.879687 0.595313 0.225000 0.243750
5 0.553906 0.656641 0.095312 0.141406
5 0.802344 0.792578 0.135937 0.172656
5 0.657031 0.914062 0.154688 0.171875
