5 0.389844 0.325000 0.032813 0.043750
8 0.293750 0.344922 0.046875 0.064844
5 0.332031 0.362891 0.039062 0.060156
2 0.554688 0.373828 0.062500 0.122656
5 0.375781 0.374609 0.045312 0.071094
5 0.488281 0.406641 0.045312 0.047656
5 0.669531 0.412891 0.054688 0.072656
5 0.334375 0.429688 0.062500 0.075000
2 0.587500 0.433203 0.087500 0.141406
5 0.506250 0.462109 0.059375 0.058594
5 0.198437 0.528125 0.084375 0.093750
5 0.520312 0.529687 0.068750 0.100000
2 0.817187 0.530078 0.128125 0.185156
2 0.687500 0.556250 0.168750 0.287500
5 0.548438 0.618750 0.087500 0.106250
5 0.575781 0.733984 0.110937 0.171094
8 0.931250 0.742578 0.137500 0.235156
5 0.633594 0.881641 0.154688 0.235156
