5 0.551562 0.423828 0.031250 0.035156
5 0.313281 0.433984 0.029687 0.039844
5 0.350000 0.439453 0.031250 0.041406
5 0.498437 0.440234 0.028125 0.039844
5 0.396875 0.450000 0.034375 0.043750
8 0.284375 0.457422 0.046875 0.052344
8 0.567187 0.462891 0.043750 0.066406
5 0.329688 0.469922 0.037500 0.039844
5 0.398438 0.483984 0.040625 0.039844
5 0.317188 0.501563 0.043750 0.043750
5 0.220312 0.515234 0.040625 0.046094
5 0.378906 0.524609 0.048438 0.052344
5 0.304688 0.531641 0.040625 0.066406
5 0.372656 0.565625 0.045312 0.050000
8 0.244531 0.568750 0.092188 0.125000
10 0.106250 0.568359 0.153125 0.171094
5 0.383594 0.612891 0.064062 0.085156
5 0.567187 0.617188 0.065625 0.087500
8 0.196094 0.641016 0.117188 0.160156
10 0.035156 0.684375 0.070312 0.187500
5 0.312500 0.691016 0.090625 0.103906
5 0.293750 0.809375 0.100000 0.125000
5 0.622656 0.822266 0.114062 0.203906
10 0.091406 0.828516 0.182812 0.341406
8 0.887500 0.853516 0.203125 0.291406
5 0.228125 0.941016 0.150000 0.116406
