5 0.318750 0.325391 0.021875 0.035156
5 0.347656 0.327734 0.023438 0.039844
5 0.386719 0.337109 0.029687 0.033594
10 0.550000 0.374609 0.040625 0.077344
5 0.610938 0.401953 0.040625 0.053906
5 0.504687 0.417187 0.040625 0.062500
5 0.357031 0.425391 0.057813 0.078906
5 0.515625 0.485547 0.053125 0.071094
5 0.703125 0.485938 0.059375 0.062500
5 0.628125 0.513672 0.062500 0.089844
11 0.840625 0.585938 0.128125 0.200000
5 0.682031 0.587891 0.079687 0.116406
5 0.547656 0.591016 0.076563 0.122656
5 0.282813 0.630859 0.156250 0.133594
10 0.795312 0.734766 0.171875 0.285156
