10 0.316406 0.406641 0.045312 0.078906
5 0.282813 0.414453 0.034375 0.053906
8 0.353906 0.421484 0.039062 0.052344
5 0.395313 0.433984 0.046875 0.058594
5 0.261719 0.442188 0.051562 0.075000
5 0.401562 0.455078 0.040625 0.047656
10 0.326562 0.465234 0.059375 0.083594
5 0.213281 0.474609 0.051562 0.058594
5 0.392188 0.479687 0.056250 0.075000
5 0.523438 0.491797 0.040625 0.058594
5 0.238281 0.493359 0.067187 0.077344
5 0.365625 0.519922 0.071875 0.089844
5 0.280469 0.535547 0.057813 0.083594
8 0.185156 0.538672 0.107813 0.139844
5 0.101562 0.574609 0.075000 0.083594
5 0.203125 0.685547 0.090625 0.108594
5 0.316406 0.721484 0.095312 0.108594
5 0.037500 0.802734 0.075000 0.133594
5 0.677344 0.883203 0.142187 0.228906
