8 0.328906 0.409375 0.029687 0.050000
5 0.406250 0.421484 0.028125 0.027344
10 0.608594 0.426953 0.051562 0.078906
8 0.285938 0.446484 0.040625 0.058594
5 0.339062 0.456250 0.031250 0.043750
7 0.397656 0.466016 0.029687 0.047656
5 0.306250 0.486328 0.034375 0.035156
5 0.390625 0.505078 0.037500 0.047656
5 0.309375 0.518750 0.043750 0.056250
10 0.192969 0.523438 0.082812 0.112500
5 0.366406 0.587109 0.064062 0.071094
10 0.238281 0.594141 0.107813 0.135156
8 0.102344 0.606250 0.104688 0.143750
5 0.912500 0.906250 0.175000 0.187500
