5 0.510938 0.389062 0.021875 0.031250
5 0.554688 0.392578 0.025000 0.035156
5 0.485938 0.401172 0.018750 0.027344
5 0.520312 0.412891 0.021875 0.028906
5 0.579688 0.417578 0.028125 0.035156
5 0.416406 0.425391 0.017188 0.035156
5 0.550000 0.435937 0.025000 0.037500
10 0.275781 0.437500 0.051562 0.093750
8 0.345313 0.437109 0.040625 0.064844
5 0.488281 0.437891 0.026562 0.035156
5 0.389844 0.454688 0.032813 0.037500
8 0.323437 0.464062 0.043750 0.081250
8 0.631250 0.464453 0.037500 0.053906
5 0.520312 0.498437 0.031250 0.050000
5 0.382812 0.499609 0.034375 0.046094
10 0.207031 0.502734 0.098437 0.133594
5 0.639844 0.503516 0.045312 0.053906
5 0.616406 0.544141 0.042188 0.053906
5 0.348438 0.574609 0.050000 0.083594
5 0.067969 0.606250 0.085938 0.106250
10 0.204687 0.637500 0.146875 0.206250
5 0.757812 0.698047 0.090625 0.146094
5 0.057031 0.789453 0.089063 0.128906
5 0.300000 0.812500 0.100000 0.137500
5 0.647656 0.885938 0.151562 0.225000
