2 0.361719 0.309375 0.039062 0.056250
8 0.322656 0.318359 0.029687 0.046094
7 0.387500 0.330859 0.028125 0.046094
5 0.375000 0.365625 0.037500 0.043750
8 0.553125 0.387500 0.046875 0.087500
2 0.657813 0.393750 0.093750 0.143750
5 0.571094 0.424609 0.032813 0.052344
2 0.185156 0.425391 0.104688 0.147656
5 0.595313 0.447266 0.043750 0.066406
5 0.342969 0.454688 0.054688 0.075000
8 0.707812 0.461328 0.090625 0.135156
5 0.502344 0.462500 0.039062 0.062500
5 0.517188 0.495312 0.059375 0.081250
8 0.622656 0.509766 0.067187 0.135156
5 0.530469 0.534766 0.064062 0.085156
8 0.667969 0.549609 0.107813 0.202344
5 0.558594 0.576953 0.070312 0.103906
8 0.870313 0.594141 0.143750 0.216406
8 0.535937 0.623047 0.081250 0.158594
8 0.764844 0.650391 0.098437 0.160156
8 0.246094 0.706641 0.120313 0.166406
2 0.863281 0.733984 0.229687 0.389844
5 0.573438 0.742188 0.100000 0.175000
5 0.613281 0.862500 0.135937 0.206250
5 0.642969 0.950391 0.151562 0.097656
