2 0.602344 0.344922 0.082812 0.114844
5 0.350000 0.430078 0.059375 0.072656
8 0.559375 0.438672 0.062500 0.077344
5 0.587500 0.449609 0.056250 0.058594
5 0.510156 0.466016 0.051562 0.060156
8 0.732812 0.482422 0.087500 0.127344
8 0.615625 0.496875 0.078125 0.131250
5 0.535156 0.524609 0.045312 0.064844
2 0.829688 0.531641 0.153125 0.147656
8 0.667188 0.537500 0.112500 0.181250
8 0.066406 0.556250 0.132812 0.162500
8 0.537500 0.612109 0.106250 0.139844
5 0.275000 0.675391 0.109375 0.128906
5 0.576562 0.706641 0.118750 0.135156
2 0.857812 0.715234 0.215625 0.308594
5 0.610156 0.828516 0.157812 0.153906
2 0.924219 0.844141 0.151562 0.310156
5 0.647656 0.944141 0.148438 0.110156
