10 0.346875 0.371484 0.031250 0.046094
10 0.326562 0.400000 0.043750 0.068750
5 0.423438 0.405859 0.021875 0.027344
5 0.403906 0.409766 0.023438 0.028906
8 0.548438 0.414062 0.037500 0.068750
8 0.359375 0.415625 0.037500 0.050000
5 0.277344 0.428125 0.032813 0.037500
5 0.396875 0.431641 0.031250 0.035156
5 0.399219 0.452734 0.035937 0.046094
5 0.278125 0.454688 0.034375 0.050000
10 0.336719 0.453516 0.048438 0.078906
5 0.224219 0.462891 0.017188 0.041406
8 0.258594 0.475000 0.060937 0.087500
5 0.577344 0.475391 0.042188 0.060156
5 0.387500 0.479297 0.040625 0.046094
5 0.304688 0.500391 0.046875 0.066406
5 0.563281 0.508203 0.054688 0.066406
5 0.548438 0.549609 0.056250 0.083594
5 0.363281 0.553125 0.057813 0.075000
5 0.177344 0.581250 0.070312 0.081250
5 0.261719 0.587109 0.067187 0.089844
5 0.103125 0.834766 0.140625 0.172656
