9 0.616406 0.432812 0.054688 0.081250
1 0.570312 0.444141 0.065625 0.097656
10 0.328125 0.453516 0.056250 0.078906
5 0.388281 0.471875 0.039062 0.043750
8 0.214844 0.502734 0.064062 0.096094
5 0.383594 0.501953 0.042188 0.041406
5 0.521875 0.503125 0.043750 0.062500
10 0.628906 0.527734 0.089063 0.121094
1 0.275000 0.529297 0.106250 0.146094
5 0.370312 0.550391 0.050000 0.066406
10 0.138281 0.562500 0.101562 0.100000
5 0.338281 0.619922 0.070312 0.077344
5 0.573438 0.690234 0.078125 0.127344
5 0.311719 0.724609 0.095312 0.127344
9 0.117969 0.801953 0.235937 0.378906
