5 0.323437 0.421875 0.034375 0.043750
5 0.359375 0.429297 0.031250 0.033594
5 0.582812 0.431641 0.031250 0.041406
5 0.407813 0.437500 0.031250 0.037500
5 0.275781 0.456250 0.039062 0.037500
5 0.335156 0.470703 0.032813 0.041406
5 0.512500 0.472266 0.040625 0.060156
5 0.591406 0.491797 0.042188 0.058594
5 0.388281 0.495703 0.035937 0.041406
5 0.314844 0.500000 0.042188 0.056250
10 0.173437 0.518359 0.115625 0.146094
5 0.377344 0.531250 0.045312 0.056250
8 0.665625 0.546484 0.093750 0.146094
8 0.257812 0.548047 0.084375 0.121094
5 0.389844 0.573438 0.054688 0.075000
8 0.195312 0.644141 0.115625 0.153906
5 0.319531 0.663672 0.089063 0.102344
10 0.036719 0.677734 0.073438 0.196094
5 0.710938 0.710547 0.106250 0.146094
5 0.594531 0.737891 0.107813 0.153906
5 0.291406 0.810547 0.098437 0.121094
8 0.928906 0.812109 0.142187 0.346094
10 0.093750 0.828125 0.184375 0.337500
5 0.230469 0.941016 0.142187 0.116406
