10 0.328125 0.399609 0.034375 0.058594
10 0.362500 0.412891 0.037500 0.053906
9 0.282031 0.428125 0.070312 0.100000
5 0.406250 0.438672 0.028125 0.039844
5 0.396875 0.475391 0.037500 0.041406
12 0.201563 0.508984 0.115625 0.171094
9 0.280469 0.515234 0.095312 0.164844
5 0.367969 0.537891 0.051562 0.053906
5 0.120313 0.559375 0.065625 0.062500
5 0.349219 0.595313 0.064062 0.081250
8 0.066406 0.678516 0.132812 0.166406
7 0.329688 0.706250 0.087500 0.125000
5 0.153125 0.765234 0.125000 0.133594
5 0.294531 0.835547 0.114062 0.146094
