5 0.326562 0.386328 0.068750 0.110156
8 0.217969 0.406641 0.064062 0.091406
2 0.653125 0.413672 0.106250 0.114844
5 0.516406 0.491797 0.064062 0.083594
8 0.625000 0.513672 0.090625 0.139844
5 0.528906 0.526172 0.070312 0.089844
5 0.738281 0.531250 0.057813 0.093750
5 0.327344 0.558984 0.095312 0.121094
8 0.696875 0.582422 0.159375 0.252344
2 0.877344 0.591016 0.245312 0.453906
5 0.576562 0.597266 0.078125 0.128906
8 0.535937 0.654297 0.100000 0.196094
5 0.207031 0.720703 0.148438 0.178906
8 0.913281 0.867188 0.173437 0.265625
5 0.609375 0.873828 0.171875 0.235156
