8 0.319531 0.316797 0.032813 0.046094
5 0.389844 0.341016 0.026562 0.035156
2 0.598437 0.345703 0.059375 0.103906
2 0.546094 0.358984 0.064062 0.108594
8 0.275000 0.360547 0.043750 0.058594
8 0.324219 0.362891 0.035937 0.060156
1 0.486719 0.373828 0.057813 0.097656
5 0.372656 0.380078 0.035937 0.047656
5 0.665625 0.389453 0.034375 0.041406
5 0.521094 0.506641 0.060937 0.078906
2 0.696094 0.566797 0.185938 0.296094
2 0.858594 0.580859 0.217188 0.258594
5 0.315625 0.598828 0.078125 0.097656
8 0.154688 0.608984 0.140625 0.164844
