1 0.357812 0.409375 0.046875 0.068750
10 0.299219 0.428516 0.045312 0.066406
5 0.402344 0.437500 0.032813 0.043750
9 0.332813 0.444141 0.065625 0.085156
10 0.270313 0.449609 0.053125 0.083594
5 0.388281 0.492188 0.042188 0.050000
10 0.295312 0.508984 0.065625 0.096094
9 0.176563 0.515234 0.125000 0.171094
5 0.373437 0.531641 0.050000 0.060156
5 0.349219 0.587891 0.057813 0.066406
5 0.561719 0.601172 0.067187 0.102344
5 0.331250 0.646875 0.075000 0.100000
12 0.070312 0.687109 0.140625 0.308594
7 0.324219 0.718359 0.085938 0.127344
5 0.293750 0.837500 0.112500 0.150000
