8 0.305469 0.319922 0.032813 0.052344
2 0.357812 0.318359 0.053125 0.083594
1 0.371875 0.334766 0.006250 0.003906
1 0.325000 0.382812 0.043750 0.043750
5 0.561719 0.428125 0.048438 0.068750
5 0.496094 0.450000 0.064062 0.062500
2 0.597656 0.456250 0.064062 0.106250
2 0.634375 0.493750 0.087500 0.150000
2 0.820312 0.500000 0.209375 0.200000
5 0.496094 0.506641 0.048438 0.078906
5 0.531250 0.565234 0.090625 0.108594
1 0.141406 0.593359 0.201563 0.283594
8 0.742188 0.618750 0.090625 0.131250
5 0.542969 0.637891 0.076563 0.141406
5 0.657031 0.670703 0.114062 0.166406
2 0.825000 0.703516 0.190625 0.366406
2 0.908594 0.823438 0.182812 0.353125
5 0.210156 0.866797 0.148438 0.196094
5 0.599219 0.878516 0.139063 0.241406
