5 0.317188 0.423047 0.037500 0.046094
5 0.353125 0.441797 0.031250 0.033594
5 0.406250 0.451172 0.031250 0.039844
10 0.575781 0.455859 0.051562 0.089844
5 0.622656 0.461328 0.042188 0.047656
5 0.262500 0.469922 0.037500 0.039844
5 0.330469 0.478125 0.035937 0.043750
5 0.382812 0.503125 0.040625 0.050000
5 0.311719 0.507812 0.042188 0.056250
5 0.528906 0.531641 0.054688 0.072656
5 0.376563 0.540234 0.046875 0.058594
10 0.157812 0.541016 0.137500 0.185156
5 0.610938 0.543750 0.053125 0.075000
8 0.710156 0.547266 0.082812 0.135156
10 0.257812 0.548047 0.084375 0.121094
5 0.387500 0.584375 0.059375 0.081250
10 0.192969 0.640234 0.129688 0.158594
5 0.314063 0.668750 0.084375 0.100000
5 0.292187 0.806641 0.106250 0.122656
9 0.097656 0.826562 0.195312 0.346875
5 0.607031 0.834375 0.107813 0.181250
5 0.230469 0.939063 0.142187 0.121875
