10 0.297656 0.418359 0.054688 0.083594
1 0.552344 0.439453 0.054688 0.091406
8 0.335156 0.446484 0.045312 0.071094
5 0.600000 0.452734 0.031250 0.046094
5 0.401562 0.454297 0.034375 0.046094
10 0.242188 0.470313 0.078125 0.118750
5 0.209375 0.476172 0.037500 0.052344
5 0.380469 0.490625 0.039062 0.056250
5 0.320312 0.493750 0.046875 0.056250
5 0.665625 0.496875 0.056250 0.068750
5 0.620313 0.551562 0.059375 0.093750
5 0.537500 0.552734 0.056250 0.083594
10 0.265625 0.558984 0.103125 0.152344
5 0.754687 0.584375 0.090625 0.093750
5 0.078906 0.591016 0.085938 0.091406
5 0.153906 0.600391 0.070312 0.078906
5 0.353906 0.612500 0.067187 0.081250
5 0.743750 0.766797 0.121875 0.183594
5 0.279687 0.817578 0.118750 0.160156
5 0.090625 0.845313 0.140625 0.193750
