2 0.319531 0.349609 0.054688 0.096094
3 0.607031 0.365625 0.064062 0.100000
10 0.227344 0.380078 0.079687 0.110156
10 0.549219 0.387109 0.045312 0.083594
5 0.496875 0.418359 0.043750 0.064844
11 0.672656 0.443359 0.060937 0.096094
5 0.593750 0.451562 0.053125 0.068750
5 0.514844 0.509766 0.060937 0.091406
5 0.737500 0.533984 0.078125 0.108594
5 0.635938 0.543750 0.071875 0.093750
8 0.087500 0.550391 0.109375 0.116406
5 0.860938 0.556641 0.075000 0.091406
8 0.166406 0.627734 0.104688 0.127344
10 0.917969 0.657813 0.164062 0.256250
5 0.614844 0.734375 0.126562 0.175000
