2 0.323437 0.358984 0.050000 0.077344
5 0.382031 0.373047 0.032813 0.033594
5 0.553906 0.389453 0.035937 0.053906
5 0.371094 0.408984 0.032813 0.039844
5 0.285938 0.427734 0.040625 0.052344
5 0.499219 0.430859 0.045312 0.064844
11 0.592969 0.434375 0.048438 0.075000
8 0.200781 0.437891 0.070312 0.091406
8 0.124219 0.481250 0.098437 0.143750
5 0.510156 0.484766 0.048438 0.078906
5 0.344531 0.496484 0.064062 0.071094
11 0.744531 0.504297 0.070312 0.108594
8 0.215625 0.541016 0.071875 0.091406
12 0.691406 0.548047 0.170313 0.271094
5 0.315625 0.589063 0.084375 0.106250
11 0.864844 0.605859 0.126562 0.183594
3 0.585156 0.615234 0.170313 0.314844
8 0.111719 0.619141 0.154688 0.185156
