5 0.382031 0.362109 0.032813 0.039844
5 0.332813 0.364063 0.034375 0.043750
6 0.243750 0.378516 0.062500 0.097656
5 0.320312 0.387891 0.037500 0.041406
8 0.557813 0.392188 0.053125 0.087500
5 0.494531 0.398047 0.035937 0.033594
5 0.636719 0.406250 0.039062 0.050000
5 0.491406 0.422266 0.032813 0.041406
5 0.675000 0.441797 0.053125 0.058594
5 0.589063 0.443750 0.043750 0.050000
5 0.506250 0.453516 0.046875 0.053906
5 0.341406 0.478516 0.057813 0.060156
5 0.514844 0.490234 0.045312 0.071094
6 0.803125 0.528516 0.178125 0.210156
5 0.542188 0.602734 0.081250 0.114844
5 0.715625 0.647266 0.109375 0.135156
8 0.933594 0.715625 0.129688 0.150000
5 0.603906 0.761328 0.107813 0.160156
