5 0.300000 0.418359 0.025000 0.033594
5 0.583594 0.426563 0.029687 0.043750
5 0.546094 0.428516 0.029687 0.047656
5 0.356250 0.437891 0.031250 0.035156
5 0.403906 0.443750 0.029687 0.037500
5 0.503125 0.462891 0.037500 0.047656
5 0.334375 0.469922 0.034375 0.052344
5 0.570312 0.478516 0.037500 0.047656
5 0.390625 0.488672 0.040625 0.052344
10 0.208594 0.496484 0.092188 0.133594
8 0.300781 0.496484 0.064062 0.102344
5 0.396875 0.518750 0.046875 0.062500
8 0.221094 0.605859 0.104688 0.152344
5 0.332813 0.622266 0.075000 0.091406
5 0.774219 0.625391 0.085938 0.110156
10 0.072656 0.631641 0.145313 0.228906
5 0.585938 0.650391 0.087500 0.116406
5 0.314844 0.731641 0.089063 0.103906
10 0.092969 0.826562 0.185938 0.346875
5 0.239063 0.928125 0.143750 0.143750
