8 0.338281 0.348828 0.048438 0.072656
8 0.385937 0.356641 0.046875 0.066406
2 0.692969 0.408984 0.123438 0.127344
5 0.534375 0.421484 0.059375 0.089844
8 0.589844 0.425000 0.082812 0.125000
5 0.353125 0.431641 0.053125 0.066406
5 0.817969 0.502734 0.092188 0.096094
5 0.516406 0.518750 0.082812 0.087500
8 0.702344 0.537891 0.135937 0.203906
5 0.316406 0.543750 0.092188 0.125000
5 0.555469 0.611328 0.095312 0.122656
5 0.967969 0.657422 0.064062 0.164844
2 0.084375 0.725000 0.168750 0.431250
5 0.585938 0.729297 0.131250 0.183594
2 0.839844 0.755078 0.310937 0.485156
5 0.639062 0.926562 0.146875 0.146875
