8 0.614062 0.435937 0.046875 0.075000
8 0.285938 0.440625 0.043750 0.056250
9 0.558594 0.443750 0.067187 0.093750
5 0.494531 0.448047 0.032813 0.046094
8 0.332031 0.458984 0.048438 0.071094
10 0.242969 0.478516 0.057813 0.097656
5 0.653906 0.497266 0.048438 0.060156
5 0.379688 0.518359 0.043750 0.058594
10 0.289844 0.525000 0.070312 0.106250
5 0.539844 0.534375 0.057813 0.068750
5 0.362500 0.608984 0.065625 0.083594
9 0.079687 0.609375 0.156250 0.231250
5 0.231250 0.674609 0.084375 0.089844
5 0.291406 0.853516 0.132812 0.166406
5 0.667969 0.898438 0.145313 0.203125
