10 0.314844 0.408203 0.045312 0.078906
8 0.353906 0.420703 0.039062 0.053906
5 0.267969 0.434375 0.029687 0.037500
5 0.395313 0.433984 0.046875 0.058594
5 0.401562 0.455078 0.040625 0.047656
10 0.332031 0.465234 0.057813 0.083594
5 0.213281 0.474609 0.051562 0.058594
5 0.392188 0.479687 0.056250 0.075000
5 0.245312 0.487500 0.037500 0.062500
5 0.529687 0.512500 0.040625 0.062500
5 0.373437 0.521484 0.053125 0.064844
5 0.284375 0.531250 0.056250 0.075000
8 0.189844 0.541016 0.079687 0.110156
5 0.112500 0.559766 0.065625 0.066406
5 0.207031 0.671484 0.085938 0.102344
5 0.321875 0.706641 0.090625 0.116406
5 0.043750 0.773047 0.087500 0.133594
5 0.705469 0.925000 0.179688 0.150000
