5 0.310156 0.437109 0.029687 0.039844
11 0.553906 0.443359 0.035937 0.052344
5 0.347656 0.446484 0.032813 0.046094
5 0.393750 0.456250 0.037500 0.043750
11 0.276562 0.462109 0.046875 0.052344
5 0.327344 0.473047 0.042188 0.046094
5 0.395313 0.492188 0.040625 0.050000
5 0.315625 0.503125 0.037500 0.043750
5 0.209375 0.526953 0.043750 0.053906
5 0.304688 0.531641 0.040625 0.066406
5 0.377344 0.533984 0.048438 0.064844
5 0.537500 0.546484 0.053125 0.064844
11 0.246094 0.562500 0.092188 0.125000
5 0.373437 0.570312 0.046875 0.056250
10 0.096875 0.577734 0.153125 0.171094
5 0.383594 0.612891 0.064062 0.085156
11 0.196094 0.641016 0.117188 0.160156
11 0.716406 0.651172 0.107813 0.202344
5 0.571094 0.654297 0.079687 0.121094
10 0.035156 0.684375 0.070312 0.187500
5 0.309375 0.693750 0.096875 0.106250
5 0.293750 0.809375 0.100000 0.125000
10 0.091406 0.828516 0.182812 0.341406
5 0.228125 0.941016 0.150000 0.116406
