8 0.322656 0.315234 0.032813 0.046094
5 0.391406 0.331641 0.026562 0.035156
2 0.607812 0.348828 0.068750 0.110156
8 0.280469 0.353125 0.039062 0.056250
2 0.546094 0.358984 0.064062 0.108594
8 0.325781 0.361328 0.035937 0.060156
5 0.378906 0.369141 0.035937 0.047656
1 0.490625 0.375391 0.062500 0.097656
5 0.684375 0.410547 0.043750 0.058594
5 0.528906 0.534375 0.064062 0.093750
5 0.330469 0.541016 0.067187 0.078906
8 0.192969 0.557813 0.110937 0.143750
2 0.064844 0.576562 0.129688 0.206250
2 0.726562 0.603125 0.212500 0.325000
2 0.883594 0.609766 0.226562 0.297656
8 0.067969 0.830859 0.135937 0.302344
