2 0.308594 0.369141 0.098437 0.091406
5 0.531250 0.402734 0.034375 0.058594
2 0.202344 0.413672 0.092188 0.127344
5 0.653125 0.428516 0.046875 0.066406
8 0.583594 0.432422 0.042188 0.089844
5 0.486719 0.458203 0.048438 0.078906
2 0.605469 0.458984 0.057813 0.089844
2 0.748437 0.462500 0.134375 0.143750
5 0.253906 0.496875 0.120313 0.100000
5 0.510938 0.508984 0.078125 0.102344
5 0.594531 0.542188 0.079687 0.125000
8 0.685156 0.575000 0.042188 0.118750
5 0.539062 0.593359 0.093750 0.139844
2 0.794531 0.627734 0.176563 0.277344
5 0.586719 0.743750 0.114062 0.175000
2 0.894531 0.809766 0.210938 0.378906
5 0.639844 0.893750 0.170313 0.212500
