9 0.617188 0.368750 0.062500 0.112500
6 0.325000 0.373437 0.043750 0.050000
10 0.235937 0.376172 0.068750 0.077344
12 0.556250 0.382812 0.078125 0.106250
5 0.488281 0.395313 0.039062 0.056250
5 0.371875 0.405859 0.037500 0.039844
5 0.299219 0.410938 0.039062 0.050000
10 0.236719 0.483203 0.082812 0.128906
5 0.514062 0.493359 0.059375 0.083594
9 0.684375 0.525000 0.134375 0.250000
2 0.047656 0.585547 0.095312 0.308594
5 0.316406 0.592187 0.085938 0.100000
5 0.112500 0.703125 0.125000 0.125000
5 0.228906 0.833203 0.135937 0.166406
5 0.622656 0.843359 0.132812 0.208594
