8 0.359375 0.320312 0.028125 0.043750
8 0.310937 0.321875 0.028125 0.050000
6 0.511719 0.337891 0.042188 0.053906
5 0.481250 0.389453 0.034375 0.041406
2 0.564844 0.391016 0.082812 0.147656
5 0.364063 0.405078 0.043750 0.047656
5 0.628906 0.408203 0.039062 0.053906
1 0.685937 0.420703 0.084375 0.128906
5 0.496094 0.440234 0.035937 0.052344
5 0.525781 0.517578 0.064062 0.072656
6 0.803125 0.540625 0.156250 0.175000
5 0.569531 0.643750 0.082812 0.112500
5 0.729688 0.667188 0.106250 0.112500
5 0.664844 0.954688 0.142187 0.090625
