8 0.584375 0.423047 0.040625 0.046094
5 0.416406 0.428125 0.039062 0.050000
5 0.547656 0.426953 0.035937 0.041406
5 0.497656 0.432812 0.042188 0.043750
8 0.343750 0.440234 0.046875 0.077344
10 0.264844 0.446875 0.082812 0.106250
5 0.553125 0.452734 0.037500 0.046094
8 0.319531 0.478125 0.057813 0.087500
5 0.389062 0.478125 0.065625 0.050000
5 0.608594 0.506250 0.070312 0.081250
10 0.185156 0.515625 0.117188 0.156250
5 0.381250 0.532422 0.056250 0.064844
5 0.534375 0.536328 0.065625 0.097656
5 0.121094 0.548047 0.051562 0.071094
5 0.742969 0.578516 0.098437 0.122656
5 0.132031 0.621875 0.082812 0.100000
5 0.337500 0.628125 0.078125 0.112500
5 0.686719 0.648438 0.095312 0.137500
10 0.184375 0.681250 0.187500 0.243750
5 0.025000 0.721484 0.050000 0.139844
5 0.053125 0.901172 0.106250 0.164844
5 0.682031 0.906250 0.164062 0.187500
5 0.268750 0.934766 0.181250 0.128906
