8 0.328125 0.348438 0.050000 0.075000
1 0.479687 0.363672 0.056250 0.114844
5 0.381250 0.377734 0.034375 0.046094
8 0.268750 0.387109 0.056250 0.071094
2 0.584375 0.417187 0.090625 0.150000
5 0.357812 0.431641 0.050000 0.053906
2 0.692969 0.447266 0.107813 0.153906
5 0.223438 0.506250 0.075000 0.081250
5 0.530469 0.534766 0.064062 0.103906
8 0.848437 0.556641 0.153125 0.166406
8 0.159375 0.585547 0.100000 0.146094
5 0.696875 0.597266 0.087500 0.135156
5 0.313281 0.612109 0.085938 0.108594
1 0.867969 0.778125 0.264062 0.443750
5 0.696875 0.877734 0.159375 0.239844
