5 0.471875 0.360547 0.015625 0.021094
5 0.495312 0.361328 0.015625 0.022656
10 0.337500 0.381641 0.040625 0.053906
5 0.423438 0.405859 0.025000 0.027344
8 0.368750 0.406250 0.031250 0.050000
5 0.491406 0.410938 0.026562 0.037500
10 0.303906 0.414453 0.057813 0.078906
5 0.404687 0.415234 0.028125 0.033594
8 0.353906 0.428125 0.035937 0.050000
5 0.395313 0.433203 0.028125 0.041406
5 0.269531 0.433984 0.032813 0.039844
5 0.348438 0.448437 0.031250 0.037500
5 0.235156 0.459375 0.045312 0.043750
5 0.397656 0.464453 0.035937 0.041406
10 0.322656 0.478516 0.057813 0.097656
5 0.383594 0.501953 0.051562 0.066406
5 0.164844 0.505859 0.067187 0.083594
5 0.215625 0.517578 0.053125 0.072656
5 0.545312 0.543750 0.056250 0.075000
5 0.264844 0.560547 0.067187 0.083594
8 0.144531 0.571484 0.123438 0.152344
5 0.347656 0.576562 0.067187 0.081250
5 0.622656 0.780859 0.101562 0.164844
5 0.140625 0.781641 0.134375 0.172656
5 0.270313 0.884766 0.146875 0.178906
