5 0.381250 0.289453 0.031250 0.028906
8 0.329688 0.301953 0.046875 0.066406
5 0.402344 0.306250 0.042188 0.031250
5 0.392969 0.333984 0.042188 0.039844
8 0.592969 0.354297 0.045312 0.083594
5 0.373437 0.377734 0.046875 0.052344
2 0.551562 0.377734 0.065625 0.102344
5 0.496875 0.421875 0.053125 0.056250
5 0.713281 0.474609 0.060937 0.083594
5 0.507812 0.482422 0.050000 0.077344
8 0.641406 0.512500 0.098437 0.181250
5 0.789062 0.540234 0.075000 0.102344
5 0.554688 0.605078 0.090625 0.110156
5 0.742188 0.681250 0.115625 0.150000
5 0.608594 0.766016 0.114062 0.166406
