8 0.315625 0.419141 0.034375 0.041406
5 0.360156 0.423828 0.029687 0.035156
7 0.407031 0.437109 0.029687 0.039844
5 0.337500 0.449609 0.028125 0.027344
5 0.507812 0.473047 0.031250 0.046094
5 0.337500 0.474609 0.031250 0.039844
5 0.397656 0.473828 0.035937 0.047656
10 0.233594 0.485938 0.064062 0.087500
10 0.294531 0.512500 0.067187 0.093750
5 0.382812 0.528125 0.050000 0.056250
8 0.173437 0.535547 0.078125 0.096094
10 0.089844 0.621875 0.117188 0.175000
8 0.182812 0.650000 0.121875 0.162500
10 0.867969 0.659375 0.173437 0.237500
5 0.320312 0.757422 0.093750 0.127344
