8 0.338281 0.338672 0.048438 0.077344
2 0.529687 0.340234 0.050000 0.096094
1 0.479687 0.354297 0.053125 0.083594
8 0.276562 0.368750 0.043750 0.062500
5 0.367188 0.399609 0.040625 0.039844
5 0.640625 0.403125 0.037500 0.075000
5 0.489844 0.403125 0.048438 0.056250
2 0.589063 0.428125 0.096875 0.175000
2 0.707812 0.453125 0.125000 0.162500
5 0.251563 0.468359 0.056250 0.064844
5 0.338281 0.520703 0.067187 0.078906
5 0.204687 0.531250 0.087500 0.131250
8 0.057031 0.576172 0.114062 0.152344
5 0.540625 0.578125 0.068750 0.112500
8 0.892188 0.590625 0.175000 0.175000
5 0.732812 0.645703 0.093750 0.153906
2 0.888281 0.806641 0.223438 0.385156
5 0.171875 0.923438 0.190625 0.153125
