10 0.288281 0.430859 0.064062 0.096094
5 0.391406 0.442188 0.026562 0.037500
5 0.511719 0.453125 0.032813 0.043750
5 0.346094 0.453516 0.032813 0.041406
5 0.239844 0.462891 0.035937 0.041406
5 0.390625 0.486328 0.040625 0.047656
10 0.317188 0.487500 0.071875 0.100000
5 0.192188 0.494922 0.053125 0.052344
5 0.528906 0.518750 0.045312 0.068750
5 0.368750 0.537891 0.053125 0.066406
5 0.182031 0.551172 0.057813 0.077344
5 0.736719 0.582812 0.067187 0.081250
5 0.242188 0.596484 0.071875 0.096094
8 0.078125 0.644922 0.137500 0.164844
5 0.304688 0.652734 0.096875 0.102344
5 0.720313 0.703125 0.109375 0.131250
5 0.604688 0.744922 0.096875 0.164844
5 0.066406 0.916016 0.132812 0.166406
