5 0.327344 0.375391 0.029687 0.035156
5 0.371094 0.393359 0.029687 0.039844
11 0.622656 0.400391 0.042188 0.078906
2 0.213281 0.403516 0.110937 0.147656
5 0.303906 0.418359 0.042188 0.058594
5 0.506250 0.425391 0.043750 0.066406
5 0.361719 0.447266 0.045312 0.066406
2 0.176563 0.544141 0.150000 0.203906
5 0.632031 0.573438 0.076563 0.112500
5 0.298438 0.594141 0.087500 0.110156
10 0.783594 0.669141 0.167187 0.303906
11 0.931250 0.669922 0.134375 0.152344
4 0.602344 0.762500 0.114062 0.212500
5 0.181250 0.914062 0.162500 0.171875
