8 0.298438 0.336328 0.040625 0.060156
2 0.350781 0.337500 0.045312 0.093750
5 0.326562 0.383984 0.040625 0.058594
8 0.656250 0.421484 0.062500 0.114844
5 0.495312 0.442578 0.056250 0.072656
8 0.588281 0.451562 0.064062 0.106250
5 0.502344 0.485938 0.060937 0.075000
2 0.791406 0.502734 0.176563 0.202344
8 0.630469 0.512891 0.079687 0.135156
5 0.517188 0.531641 0.081250 0.085156
5 0.512500 0.562109 0.081250 0.139844
7 0.946875 0.607422 0.106250 0.164844
2 0.813281 0.621875 0.192188 0.306250
5 0.647656 0.656641 0.092188 0.116406
5 0.535937 0.659375 0.118750 0.168750
1 0.128125 0.675391 0.196875 0.403906
2 0.891406 0.822266 0.217188 0.353906
5 0.600000 0.868359 0.140625 0.171094
