2 0.323437 0.358984 0.050000 0.077344
5 0.382031 0.373047 0.032813 0.033594
5 0.550781 0.387891 0.035937 0.053906
5 0.371094 0.408984 0.032813 0.039844
5 0.497656 0.419141 0.042188 0.060156
11 0.584375 0.426563 0.043750 0.068750
5 0.285938 0.427734 0.040625 0.052344
8 0.200781 0.437891 0.070312 0.091406
5 0.509375 0.471484 0.046875 0.071094
8 0.124219 0.481250 0.098437 0.143750
5 0.344531 0.496484 0.064062 0.071094
11 0.733594 0.498047 0.070312 0.108594
12 0.682031 0.529297 0.164062 0.271094
8 0.215625 0.541016 0.071875 0.091406
3 0.579688 0.596875 0.162500 0.287500
11 0.850781 0.599609 0.126562 0.183594
5 0.306250 0.614062 0.084375 0.106250
8 0.083594 0.644141 0.164062 0.185156
