1 0.464062 0.337109 0.043750 0.064844
1 0.525781 0.337500 0.051562 0.081250
5 0.469531 0.359375 0.026562 0.031250
5 0.325781 0.371484 0.032813 0.046094
8 0.628125 0.393750 0.062500 0.100000
5 0.484375 0.396484 0.034375 0.046094
5 0.367188 0.398047 0.043750 0.058594
1 0.568750 0.399609 0.075000 0.127344
5 0.693750 0.419922 0.046875 0.052344
8 0.271094 0.433203 0.057813 0.078906
5 0.661719 0.448828 0.045312 0.060156
5 0.503125 0.453516 0.050000 0.078906
8 0.175781 0.468750 0.076563 0.106250
5 0.522656 0.500000 0.054688 0.087500
9 0.810156 0.516797 0.192188 0.246094
5 0.658594 0.568359 0.076563 0.108594
5 0.303906 0.622266 0.092188 0.128906
5 0.550781 0.627734 0.082812 0.139844
5 0.628125 0.819141 0.131250 0.178906
5 0.840625 0.868359 0.175000 0.227344
