5 0.340625 0.377734 0.031250 0.033594
5 0.372656 0.412109 0.029687 0.039844
5 0.415625 0.423047 0.028125 0.033594
5 0.539062 0.425000 0.031250 0.050000
5 0.499219 0.429688 0.035937 0.050000
5 0.400781 0.433203 0.032813 0.041406
5 0.358594 0.437500 0.032813 0.050000
5 0.600000 0.439453 0.043750 0.053906
5 0.408594 0.446875 0.045312 0.056250
8 0.331250 0.454688 0.059375 0.087500
10 0.246875 0.468750 0.106250 0.118750
5 0.566406 0.468359 0.048438 0.071094
8 0.303906 0.497266 0.073438 0.097656
5 0.522656 0.506641 0.067187 0.097656
5 0.375000 0.519141 0.056250 0.072656
10 0.150000 0.547266 0.140625 0.166406
5 0.364844 0.576953 0.067187 0.078906
5 0.760156 0.657422 0.095312 0.127344
5 0.015625 0.662891 0.031250 0.103906
5 0.069531 0.686328 0.104688 0.110156
5 0.307031 0.715625 0.092188 0.125000
5 0.602344 0.721875 0.095312 0.143750
10 0.156250 0.743750 0.225000 0.306250
5 0.035937 0.960938 0.071875 0.078125
