10 0.546094 0.377734 0.045312 0.077344
5 0.486719 0.396875 0.032813 0.043750
12 0.632812 0.410547 0.090625 0.083594
5 0.511719 0.413672 0.039062 0.039844
5 0.741406 0.456641 0.057813 0.066406
4 0.505469 0.459766 0.054688 0.103906
8 0.249219 0.462500 0.076563 0.125000
5 0.137500 0.506250 0.065625 0.075000
5 0.812500 0.512500 0.075000 0.087500
10 0.646094 0.527734 0.101562 0.158594
5 0.542969 0.556641 0.076563 0.116406
10 0.774219 0.556250 0.107813 0.150000
11 0.935937 0.698828 0.128125 0.185156
5 0.760156 0.712891 0.114062 0.153906
5 0.608594 0.775391 0.120313 0.197656
