5 0.380469 0.375000 0.035937 0.043750
5 0.269531 0.376563 0.039062 0.043750
9 0.637500 0.383984 0.062500 0.102344
5 0.692969 0.402734 0.042188 0.052344
5 0.498437 0.403516 0.040625 0.053906
3 0.582812 0.407422 0.081250 0.127344
5 0.339062 0.478516 0.056250 0.066406
5 0.517969 0.479297 0.054688 0.071094
9 0.751563 0.493359 0.134375 0.152344
11 0.632031 0.522266 0.076563 0.135156
5 0.540625 0.583984 0.068750 0.102344
10 0.732812 0.620313 0.146875 0.268750
5 0.958594 0.643359 0.082812 0.121094
5 0.632031 0.827734 0.129688 0.208594
8 0.914062 0.856641 0.171875 0.285156
