8 0.331250 0.409375 0.031250 0.037500
5 0.367969 0.412891 0.029687 0.035156
7 0.411719 0.423047 0.029687 0.033594
5 0.353906 0.443359 0.026562 0.033594
5 0.403125 0.452734 0.031250 0.039844
5 0.508594 0.459375 0.032813 0.043750
10 0.256250 0.466797 0.050000 0.083594
10 0.318750 0.482422 0.059375 0.077344
8 0.646875 0.484766 0.056250 0.072656
5 0.391406 0.494141 0.039062 0.041406
8 0.201563 0.503516 0.065625 0.085156
8 0.619531 0.527734 0.064062 0.096094
10 0.145313 0.566797 0.096875 0.146094
8 0.235937 0.574609 0.084375 0.121094
5 0.341406 0.669141 0.073438 0.091406
5 0.593750 0.704688 0.087500 0.137500
10 0.089844 0.820312 0.179688 0.268750
5 0.279687 0.906641 0.143750 0.185156
