6 0.328125 0.365625 0.043750 0.050000
10 0.240625 0.369922 0.068750 0.077344
9 0.623437 0.378125 0.062500 0.112500
12 0.560156 0.387109 0.085938 0.114844
5 0.375000 0.396875 0.037500 0.050000
5 0.491406 0.400391 0.035937 0.047656
5 0.308594 0.403125 0.039062 0.050000
10 0.246875 0.468750 0.075000 0.125000
5 0.514062 0.510547 0.059375 0.083594
9 0.695312 0.540234 0.146875 0.264844
5 0.318750 0.571484 0.071875 0.089844
2 0.053906 0.583984 0.107813 0.308594
5 0.135937 0.668359 0.109375 0.114844
5 0.246094 0.779297 0.123438 0.171094
5 0.645312 0.896875 0.143750 0.206250
