2 0.360156 0.302734 0.048438 0.083594
5 0.401562 0.307422 0.025000 0.027344
5 0.603125 0.347266 0.050000 0.060156
5 0.524219 0.348047 0.029687 0.033594
8 0.318750 0.362891 0.059375 0.078906
8 0.375781 0.387109 0.051562 0.089844
5 0.525000 0.393359 0.046875 0.058594
8 0.691406 0.407422 0.104688 0.114844
8 0.593750 0.414062 0.068750 0.093750
5 0.479687 0.425391 0.043750 0.053906
5 0.506250 0.468359 0.050000 0.083594
5 0.512500 0.507422 0.056250 0.077344
5 0.322656 0.531250 0.089063 0.087500
5 0.861719 0.540234 0.085938 0.152344
5 0.550000 0.592187 0.103125 0.137500
5 0.579688 0.676953 0.121875 0.166406
2 0.813281 0.712500 0.292187 0.462500
5 0.217969 0.843750 0.157812 0.231250
5 0.623437 0.887891 0.153125 0.222656
