8 0.352344 0.323828 0.039062 0.072656
2 0.590625 0.337109 0.059375 0.083594
8 0.307812 0.338672 0.040625 0.052344
2 0.535937 0.346875 0.056250 0.100000
1 0.484375 0.368359 0.056250 0.102344
5 0.376563 0.387891 0.043750 0.053906
8 0.293750 0.406641 0.053125 0.078906
8 0.221875 0.412891 0.056250 0.085156
5 0.498437 0.438672 0.056250 0.077344
5 0.346875 0.462891 0.059375 0.066406
5 0.636719 0.487500 0.126562 0.218750
5 0.775781 0.511328 0.154688 0.210156
5 0.646094 0.862891 0.151562 0.235156
5 0.928125 0.906250 0.143750 0.187500
