8 0.296094 0.431641 0.051562 0.072656
1 0.334375 0.441016 0.062500 0.091406
5 0.497656 0.446484 0.035937 0.039844
10 0.254688 0.460938 0.059375 0.062500
5 0.388281 0.471875 0.039062 0.043750
5 0.592187 0.492578 0.046875 0.072656
5 0.383594 0.501953 0.042188 0.041406
9 0.285156 0.504297 0.092188 0.133594
10 0.198437 0.515234 0.071875 0.108594
5 0.525000 0.518750 0.046875 0.062500
5 0.373437 0.541016 0.050000 0.060156
5 0.352344 0.587109 0.064062 0.064844
10 0.196875 0.642188 0.140625 0.187500
5 0.331250 0.648438 0.075000 0.100000
9 0.058594 0.676953 0.117188 0.328906
8 0.926562 0.711328 0.146875 0.160156
5 0.329688 0.726562 0.093750 0.131250
12 0.878906 0.842187 0.242188 0.315625
5 0.291406 0.862500 0.126562 0.156250
