5 0.357812 0.424609 0.031250 0.039844
5 0.404687 0.431250 0.031250 0.037500
5 0.493750 0.435937 0.034375 0.037500
8 0.596875 0.434766 0.040625 0.066406
8 0.300000 0.437891 0.040625 0.047656
5 0.553906 0.449609 0.032813 0.039844
5 0.340625 0.457422 0.034375 0.039844
5 0.402344 0.468359 0.035937 0.039844
5 0.246875 0.487109 0.043750 0.046094
5 0.324219 0.491016 0.039062 0.047656
5 0.511719 0.503516 0.039062 0.053906
5 0.382031 0.511328 0.042188 0.047656
5 0.303125 0.522266 0.053125 0.066406
5 0.678906 0.528516 0.064062 0.072656
5 0.375000 0.556641 0.043750 0.060156
9 0.125000 0.564453 0.143750 0.191406
10 0.250781 0.570312 0.101562 0.131250
5 0.557031 0.599609 0.067187 0.102344
5 0.382812 0.604297 0.062500 0.083594
8 0.670312 0.608203 0.090625 0.141406
10 0.195312 0.640625 0.118750 0.156250
9 0.039844 0.671484 0.079687 0.189844
5 0.307812 0.684766 0.096875 0.103906
5 0.289844 0.809375 0.104688 0.131250
9 0.096875 0.825391 0.193750 0.347656
5 0.228906 0.939063 0.154688 0.121875
