2 0.360156 0.297266 0.048438 0.078906
5 0.397656 0.318750 0.029687 0.037500
5 0.305469 0.339062 0.035937 0.043750
5 0.288281 0.360938 0.035937 0.037500
8 0.550781 0.381250 0.057813 0.093750
2 0.638281 0.387500 0.098437 0.106250
5 0.491406 0.397266 0.039062 0.053906
5 0.697656 0.409375 0.035937 0.075000
5 0.498437 0.419922 0.037500 0.039844
5 0.570312 0.425000 0.040625 0.062500
8 0.273438 0.430859 0.093750 0.127344
5 0.595313 0.450000 0.046875 0.081250
5 0.507031 0.459766 0.045312 0.072656
2 0.796875 0.481250 0.206250 0.250000
5 0.518750 0.493750 0.059375 0.093750
8 0.625000 0.504687 0.084375 0.162500
5 0.535937 0.526172 0.065625 0.089844
8 0.668750 0.548047 0.112500 0.208594
5 0.557813 0.568750 0.068750 0.131250
8 0.539062 0.629297 0.100000 0.171094
8 0.746875 0.637500 0.075000 0.150000
2 0.944531 0.691016 0.110937 0.322656
5 0.582812 0.737109 0.109375 0.189844
2 0.865625 0.740234 0.253125 0.452344
5 0.616406 0.879687 0.145313 0.240625
