10 0.354687 0.372266 0.031250 0.047656
9 0.521875 0.387109 0.037500 0.064844
5 0.477344 0.392188 0.014063 0.025000
8 0.328906 0.401562 0.032813 0.043750
8 0.364844 0.406250 0.029687 0.043750
5 0.400000 0.407813 0.025000 0.018750
5 0.289062 0.419922 0.025000 0.027344
5 0.398438 0.428516 0.028125 0.028906
5 0.308594 0.430859 0.026562 0.033594
5 0.490625 0.430859 0.028125 0.046094
10 0.349219 0.435937 0.035937 0.062500
5 0.403125 0.449609 0.031250 0.033594
5 0.276562 0.462500 0.031250 0.037500
5 0.334375 0.463672 0.037500 0.052344
5 0.392188 0.469141 0.034375 0.041406
5 0.510156 0.470313 0.039062 0.056250
5 0.378125 0.494922 0.037500 0.052344
9 0.213281 0.495703 0.098437 0.128906
5 0.309375 0.506250 0.046875 0.056250
5 0.371875 0.521875 0.046875 0.062500
5 0.276562 0.568359 0.059375 0.064844
9 0.089063 0.603516 0.178125 0.203906
5 0.352344 0.628516 0.067187 0.091406
5 0.214844 0.672266 0.082812 0.122656
5 0.282813 0.773438 0.103125 0.125000
