2 0.348438 0.315625 0.050000 0.081250
5 0.396094 0.328516 0.026562 0.035156
5 0.521094 0.387891 0.039062 0.066406
2 0.671875 0.400000 0.090625 0.125000
8 0.582812 0.403125 0.050000 0.081250
8 0.284375 0.405859 0.065625 0.108594
5 0.485156 0.413672 0.045312 0.052344
5 0.497656 0.445312 0.039062 0.068750
2 0.355469 0.451562 0.067187 0.118750
5 0.757812 0.459766 0.059375 0.053906
8 0.610938 0.469141 0.053125 0.097656
2 0.659375 0.487891 0.106250 0.178906
5 0.509375 0.491016 0.053125 0.085156
5 0.533594 0.543750 0.082812 0.081250
5 0.556250 0.632422 0.106250 0.152344
5 0.957031 0.695703 0.085938 0.153906
2 0.803125 0.718359 0.243750 0.364844
5 0.610156 0.837109 0.129688 0.277344
5 0.197656 0.905859 0.151562 0.177344
