10 0.359375 0.405859 0.043750 0.064844
5 0.400781 0.443750 0.029687 0.031250
9 0.325781 0.453125 0.067187 0.112500
5 0.505469 0.464062 0.039062 0.056250
5 0.392969 0.481250 0.042188 0.056250
8 0.225000 0.505078 0.071875 0.097656
5 0.379688 0.512500 0.046875 0.056250
10 0.267969 0.534375 0.089063 0.112500
9 0.739844 0.544922 0.120313 0.152344
8 0.151562 0.570703 0.090625 0.103906
5 0.544531 0.572266 0.057813 0.097656
5 0.352344 0.600000 0.057813 0.081250
8 0.048438 0.643750 0.096875 0.093750
5 0.325000 0.726953 0.096875 0.116406
1 0.098437 0.815625 0.196875 0.368750
