8 0.341406 0.346875 0.039062 0.050000
5 0.389062 0.351953 0.034375 0.041406
8 0.254688 0.369922 0.050000 0.064844
2 0.550781 0.369922 0.064062 0.127344
5 0.607812 0.397266 0.043750 0.053906
1 0.667969 0.400391 0.079687 0.122656
5 0.485156 0.413672 0.035937 0.052344
5 0.507031 0.460547 0.051562 0.071094
6 0.748437 0.491016 0.118750 0.128906
5 0.634375 0.519141 0.059375 0.078906
5 0.530469 0.531250 0.064062 0.087500
5 0.274219 0.659766 0.101562 0.128906
10 0.921094 0.712500 0.157812 0.300000
5 0.589844 0.763672 0.107813 0.164844
