5 0.476562 0.388672 0.043750 0.052344
5 0.363281 0.402734 0.032813 0.058594
5 0.489844 0.424609 0.054688 0.052344
2 0.603906 0.423828 0.067187 0.097656
2 0.721094 0.434375 0.135937 0.150000
5 0.542969 0.437891 0.070312 0.078906
5 0.343750 0.462109 0.059375 0.071094
5 0.501563 0.480078 0.053125 0.085156
8 0.650781 0.516016 0.054688 0.110156
5 0.878125 0.537500 0.100000 0.081250
5 0.523438 0.543359 0.065625 0.108594
2 0.721875 0.551562 0.134375 0.218750
2 0.155469 0.555078 0.154688 0.247656
5 0.561719 0.626172 0.092188 0.139844
5 0.589844 0.758203 0.129688 0.191406
2 0.882031 0.793750 0.235937 0.412500
