9 0.592187 0.361328 0.059375 0.085156
8 0.314844 0.365625 0.045312 0.068750
10 0.543750 0.366016 0.046875 0.091406
5 0.485156 0.390234 0.035937 0.046094
5 0.249219 0.396875 0.039062 0.050000
10 0.569531 0.406250 0.051562 0.100000
5 0.496875 0.434766 0.040625 0.066406
12 0.669531 0.454297 0.101562 0.096094
5 0.533594 0.464062 0.051562 0.056250
5 0.336719 0.493359 0.051562 0.064844
4 0.535156 0.543359 0.082812 0.146094
5 0.936719 0.613672 0.104688 0.114844
7 0.110937 0.651563 0.143750 0.206250
10 0.876563 0.668359 0.146875 0.189844
10 0.752344 0.687109 0.154688 0.246094
5 0.604688 0.721484 0.121875 0.183594
