5 0.375000 0.344141 0.031250 0.035156
5 0.301563 0.399609 0.043750 0.071094
2 0.655469 0.400000 0.095312 0.125000
2 0.576562 0.409375 0.087500 0.125000
5 0.489063 0.431250 0.040625 0.062500
5 0.512500 0.446875 0.046875 0.056250
5 0.754687 0.475391 0.075000 0.085156
8 0.247656 0.489453 0.070312 0.116406
5 0.513281 0.492188 0.073438 0.075000
2 0.649219 0.498437 0.139063 0.162500
5 0.535156 0.562891 0.076563 0.116406
5 0.564844 0.667188 0.101562 0.125000
2 0.950000 0.681250 0.100000 0.237500
2 0.835938 0.731250 0.256250 0.362500
5 0.596875 0.806641 0.137500 0.210156
5 0.663281 0.917188 0.151562 0.165625
5 0.192188 0.934375 0.162500 0.131250
