5 0.391406 0.324609 0.026562 0.033594
2 0.542969 0.358984 0.060937 0.121094
8 0.324219 0.372266 0.039062 0.060156
5 0.597656 0.380859 0.035937 0.046094
5 0.372656 0.389453 0.042188 0.041406
5 0.482031 0.389453 0.035937 0.041406
1 0.653125 0.393359 0.062500 0.102344
5 0.496875 0.436328 0.043750 0.060156
6 0.714844 0.462500 0.095312 0.106250
5 0.615625 0.462891 0.050000 0.053906
8 0.156250 0.474609 0.084375 0.121094
5 0.513281 0.490625 0.060937 0.075000
10 0.765625 0.559766 0.134375 0.185156
5 0.551562 0.634375 0.090625 0.125000
2 0.865625 0.791016 0.268750 0.416406
5 0.660937 0.900000 0.162500 0.200000
