10 0.337500 0.435937 0.056250 0.062500
1 0.519531 0.453125 0.067187 0.100000
5 0.388281 0.471875 0.039062 0.043750
8 0.250000 0.478125 0.053125 0.087500
1 0.300000 0.487500 0.078125 0.125000
5 0.383594 0.501953 0.042188 0.041406
10 0.191406 0.512891 0.085938 0.078906
5 0.528125 0.525000 0.053125 0.075000
5 0.370312 0.544141 0.050000 0.060156
9 0.764844 0.562109 0.160938 0.183594
5 0.350781 0.596484 0.064062 0.064844
10 0.064844 0.632812 0.126562 0.168750
9 0.189844 0.654297 0.195312 0.246094
5 0.331250 0.654687 0.075000 0.100000
7 0.295312 0.822266 0.112500 0.172656
5 0.630469 0.833984 0.120313 0.208594
