8 0.554688 0.390625 0.025000 0.050000
10 0.532031 0.403516 0.032813 0.060156
5 0.392188 0.404687 0.018750 0.037500
9 0.308594 0.411328 0.054688 0.072656
10 0.363281 0.412109 0.032813 0.058594
5 0.409375 0.418359 0.028125 0.033594
9 0.271094 0.444141 0.064062 0.091406
5 0.498437 0.444141 0.034375 0.066406
5 0.396875 0.452734 0.034375 0.039844
5 0.342187 0.460547 0.037500 0.046094
5 0.317969 0.495312 0.035937 0.056250
5 0.383594 0.500000 0.045312 0.043750
5 0.300000 0.534375 0.037500 0.087500
5 0.375000 0.545703 0.043750 0.066406
10 0.134375 0.545703 0.106250 0.141406
10 0.218750 0.571875 0.143750 0.200000
5 0.728906 0.580078 0.067187 0.085156
5 0.349219 0.590625 0.064062 0.056250
5 0.564844 0.612891 0.089063 0.122656
5 0.332813 0.653125 0.075000 0.100000
5 0.299219 0.737891 0.104688 0.085156
9 0.099219 0.793750 0.198437 0.412500
