5 0.396094 0.321875 0.029687 0.037500
1 0.467187 0.330859 0.043750 0.064844
1 0.516406 0.337500 0.051562 0.081250
5 0.384375 0.344141 0.034375 0.041406
5 0.344531 0.353125 0.035937 0.050000
5 0.469531 0.359375 0.026562 0.031250
5 0.263281 0.366797 0.064062 0.071094
2 0.600000 0.367188 0.062500 0.100000
5 0.479687 0.368750 0.034375 0.037500
1 0.549219 0.374609 0.067187 0.108594
5 0.480469 0.395313 0.032813 0.043750
5 0.488281 0.407813 0.032813 0.031250
5 0.553125 0.414062 0.040625 0.043750
5 0.632812 0.415625 0.037500 0.050000
2 0.717969 0.444141 0.126562 0.160156
5 0.503906 0.455859 0.054688 0.064844
5 0.582031 0.456641 0.051562 0.078906
5 0.619531 0.521484 0.073438 0.102344
5 0.526563 0.537109 0.078125 0.108594
5 0.108594 0.730078 0.110937 0.122656
1 0.844531 0.753516 0.310937 0.491406
5 0.628906 0.835547 0.142187 0.221094
