5 0.364844 0.318750 0.023438 0.037500
5 0.564063 0.344922 0.034375 0.039844
5 0.524219 0.357422 0.029687 0.039844
5 0.580469 0.363672 0.029687 0.027344
5 0.329688 0.366797 0.034375 0.046094
5 0.605469 0.367578 0.032813 0.047656
5 0.377344 0.383984 0.032813 0.039844
5 0.542969 0.386328 0.029687 0.047656
5 0.485938 0.390625 0.037500 0.043750
2 0.671094 0.414453 0.107813 0.166406
5 0.502344 0.428516 0.045312 0.060156
2 0.584375 0.432422 0.075000 0.114844
5 0.303125 0.451562 0.053125 0.056250
5 0.512500 0.498828 0.056250 0.072656
5 0.797656 0.587891 0.089063 0.091406
5 0.693750 0.614062 0.084375 0.106250
5 0.547656 0.622266 0.079687 0.116406
