5 0.489063 0.359766 0.015625 0.022656
5 0.480469 0.379297 0.020313 0.033594
9 0.316406 0.408203 0.048438 0.066406
10 0.267188 0.440234 0.050000 0.071094
5 0.350000 0.451562 0.028125 0.043750
10 0.210156 0.462500 0.082812 0.062500
5 0.391406 0.471875 0.048438 0.062500
10 0.258594 0.528125 0.123438 0.150000
5 0.378906 0.544922 0.048438 0.077344
5 0.356250 0.590234 0.059375 0.077344
5 0.332031 0.648438 0.073438 0.125000
9 0.155469 0.661328 0.235937 0.310156
5 0.027344 0.733984 0.054688 0.089844
5 0.292969 0.753516 0.126562 0.135156
10 0.053125 0.869141 0.106250 0.260156
5 0.258594 0.906250 0.145313 0.181250
